test/news was read successfully!
test/part-m was read successfully!
Finished alignment with 2628 sequences
S	N	M
------------------
-210	0	0
-207	0	1
-200	0	2
-197	0	3
-198	0	4
-202	0	5
-200	0	6
-203	0	7
-205	0	8
-206	0	9
-211	0	10
-214	0	11
-215	0	12
-214	0	13
-218	0	14
-165	0	15
-162	0	16
-160	0	17
-157	0	18
-154	0	19
-160	0	20
-160	0	21
-162	0	22
-162	0	23
-158	0	24
-160	0	25
-159	0	26
-162	0	27
-158	0	28
-160	0	29
-158	0	30
-154	0	31
-152	0	32
-150	0	33
-144	0	34
-144	0	35
-146	0	36
-148	0	37
-148	0	38
-146	0	39
-148	0	40
-152	0	41
-148	0	42
-150	0	43
-149	0	44
-150	0	45
-146	0	46
-144	0	47
-149	0	48
-154	0	49
-150	0	50
-171	0	51
-172	0	52
-170	0	53
-170	0	54
-173	0	55
-168	0	56
-168	0	57
-168	0	58
-166	0	59
-169	0	60
-171	0	61
-169	0	62
-175	0	63
-178	0	64
-181	0	65
-184	0	66
-187	0	67
-195	0	68
-200	0	69
-211	0	70
-211	0	71
-215	0	72
-225	1	0
-225	1	1
-224	1	2
-224	1	3
-224	1	4
-219	1	5
-214	1	6
-218	1	7
-216	1	8
-207	1	9
-211	1	10
-214	1	11
-214	1	12
-214	1	13
-213	1	14
-155	1	15
-154	1	16
-152	1	17
-155	1	18
-149	1	19
-153	1	20
-154	1	21
-150	1	22
-152	1	23
-154	1	24
-157	1	25
-160	1	26
-162	1	27
-158	1	28
-154	1	29
-152	1	30
-148	1	31
-148	1	32
-145	1	33
-148	1	34
-148	1	35
-148	1	36
-144	1	37
-146	1	38
-141	1	39
-145	1	40
-152	1	41
-150	1	42
-154	1	43
-157	1	44
-152	1	45
-154	1	46
-152	1	47
-144	1	48
-167	1	49
-172	1	50
-216	1	51
-218	1	52
-218	1	53
-215	1	54
-211	1	55
-210	1	56
-209	1	57
-212	1	58
-211	1	59
-213	1	60
-214	1	61
-212	1	62
-211	1	63
-208	1	64
-206	1	65
-208	1	66
-210	1	67
-208	1	68
-209	1	69
-210	1	70
-210	1	71
-213	1	72
-214	2	0
-216	2	1
-212	2	2
-212	2	3
-216	2	4
-212	2	5
-215	2	6
-212	2	7
-212	2	8
-209	2	9
-211	2	10
-211	2	11
-209	2	12
-205	2	13
-206	2	14
-178	2	15
-177	2	16
-180	2	17
-179	2	18
-167	2	19
-172	2	20
-169	2	21
-164	2	22
-168	2	23
-169	2	24
-166	2	25
-164	2	26
-165	2	27
-161	2	28
-158	2	29
-158	2	30
-152	2	31
-152	2	32
-148	2	33
-150	2	34
-156	2	35
-154	2	36
-160	2	37
-159	2	38
-156	2	39
-154	2	40
-154	2	41
-150	2	42
-152	2	43
-155	2	44
-152	2	45
-148	2	46
-148	2	47
-144	2	48
-204	2	49
-205	2	50
-202	2	51
-204	2	52
-201	2	53
-204	2	54
-203	2	55
-204	2	56
-204	2	57
-207	2	58
-210	2	59
-216	2	60
-215	2	61
-216	2	62
-217	2	63
-218	2	64
-219	2	65
-220	2	66
-215	2	67
-215	2	68
-219	2	69
-214	2	70
-207	2	71
-205	2	72
-211	3	0
-217	3	1
-213	3	2
-214	3	3
-208	3	4
-209	3	5
-209	3	6
-208	3	7
-206	3	8
-206	3	9
-205	3	10
-203	3	11
-205	3	12
-201	3	13
-201	3	14
-203	3	15
-203	3	16
-199	3	17
-197	3	18
-167	3	19
-174	3	20
-170	3	21
-164	3	22
-168	3	23
-168	3	24
-164	3	25
-162	3	26
-163	3	27
-164	3	28
-165	3	29
-168	3	30
-168	3	31
-168	3	32
-170	3	33
-164	3	34
-165	3	35
-161	3	36
-158	3	37
-154	3	38
-150	3	39
-152	3	40
-148	3	41
-146	3	42
-150	3	43
-153	3	44
-150	3	45
-150	3	46
-153	3	47
-154	3	48
-196	3	49
-195	3	50
-194	3	51
-192	3	52
-188	3	53
-184	3	54
-185	3	55
-183	3	56
-186	3	57
-190	3	58
-198	3	59
-196	3	60
-197	3	61
-195	3	62
-200	3	63
-201	3	64
-204	3	65
-204	3	66
-206	3	67
-202	3	68
-200	3	69
-196	3	70
-198	3	71
-200	3	72
-212	4	0
-209	4	1
-210	4	2
-211	4	3
-213	4	4
-213	4	5
-214	4	6
-211	4	7
-207	4	8
-205	4	9
-201	4	10
-196	4	11
-192	4	12
-191	4	13
-195	4	14
-197	4	15
-198	4	16
-203	4	17
-201	4	18
-178	4	19
-181	4	20
-183	4	21
-177	4	22
-183	4	23
-185	4	24
-184	4	25
-184	4	26
-184	4	27
-187	4	28
-186	4	29
-186	4	30
-184	4	31
-185	4	32
-185	4	33
-183	4	34
-181	4	35
-182	4	36
-184	4	37
-183	4	38
-184	4	39
-188	4	40
-194	4	41
-195	4	42
-194	4	43
-197	4	44
-204	4	45
-202	4	46
-202	4	47
-200	4	48
-207	4	49
-207	4	50
-206	4	51
-210	4	52
-213	4	53
-211	4	54
-196	4	55
-192	4	56
-190	4	57
-188	4	58
-188	4	59
-186	4	60
-186	4	61
-186	4	62
-188	4	63
-192	4	64
-194	4	65
-190	4	66
-186	4	67
-186	4	68
-186	4	69
-182	4	70
-184	4	71
-188	4	72
-188	5	0
-191	5	1
-200	5	2
-207	5	3
-214	5	4
-218	5	5
-216	5	6
-218	5	7
-213	5	8
-210	5	9
-214	5	10
-220	5	11
-221	5	12
-219	5	13
-219	5	14
-210	5	15
-213	5	16
-222	5	17
-215	5	18
-216	5	19
-218	5	20
-211	5	21
-208	5	22
-206	5	23
-207	5	24
-208	5	25
-204	5	26
-206	5	27
-205	5	28
-204	5	29
-206	5	30
-207	5	31
-203	5	32
-204	5	33
-204	5	34
-206	5	35
-205	5	36
-205	5	37
-207	5	38
-205	5	39
-208	5	40
-205	5	41
-205	5	42
-203	5	43
-204	5	44
-199	5	45
-203	5	46
-201	5	47
-196	5	48
-202	5	49
-202	5	50
-198	5	51
-206	5	52
-204	5	53
-198	5	54
-173	5	55
-167	5	56
-165	5	57
-165	5	58
-165	5	59
-163	5	60
-165	5	61
-171	5	62
-173	5	63
-171	5	64
-172	5	65
-174	5	66
-174	5	67
-172	5	68
-176	5	69
-170	5	70
-172	5	71
-174	5	72
-42	6	0
-47	6	1
-58	6	2
-65	6	3
-76	6	4
-85	6	5
-90	6	6
-101	6	7
-112	6	8
-119	6	9
-123	6	10
-132	6	11
-141	6	12
-149	6	13
-162	6	14
-173	6	15
-182	6	16
-185	6	17
-192	6	18
-199	6	19
-210	6	20
-213	6	21
-215	6	22
-219	6	23
-225	6	24
-223	6	25
-219	6	26
-222	6	27
-220	6	28
-222	6	29
-223	6	30
-228	6	31
-231	6	32
-228	6	33
-226	6	34
-218	6	35
-216	6	36
-210	6	37
-203	6	38
-204	6	39
-204	6	40
-203	6	41
-203	6	42
-202	6	43
-197	6	44
-195	6	45
-190	6	46
-186	6	47
-189	6	48
-193	6	49
-198	6	50
-197	6	51
-194	6	52
-189	6	53
-187	6	54
-153	6	55
-151	6	56
-149	6	57
-148	6	58
-149	6	59
-149	6	60
-151	6	61
-155	6	62
-158	6	63
-158	6	64
-159	6	65
-160	6	66
-159	6	67
-157	6	68
-163	6	69
-161	6	70
-164	6	71
-166	6	72
104	7	0
95	7	1
82	7	2
71	7	3
60	7	4
49	7	5
40	7	6
27	7	7
16	7	8
3	7	9
-6	7	10
-18	7	11
-29	7	12
-37	7	13
-52	7	14
-67	7	15
-76	7	16
-85	7	17
-95	7	18
-107	7	19
-120	7	20
-135	7	21
-142	7	22
-146	7	23
-158	7	24
-168	7	25
-179	7	26
-194	7	27
-205	7	28
-216	7	29
-216	7	30
-211	7	31
-212	7	32
-213	7	33
-209	7	34
-210	7	35
-211	7	36
-212	7	37
-218	7	38
-217	7	39
-221	7	40
-215	7	41
-213	7	42
-210	7	43
-211	7	44
-212	7	45
-215	7	46
-220	7	47
-219	7	48
-213	7	49
-208	7	50
-206	7	51
-209	7	52
-211	7	53
-209	7	54
-145	7	55
-143	7	56
-143	7	57
-145	7	58
-149	7	59
-149	7	60
-152	7	61
-150	7	62
-154	7	63
-157	7	64
-161	7	65
-160	7	66
-162	7	67
-158	7	68
-158	7	69
-161	7	70
-168	7	71
-170	7	72
248	8	0
231	8	1
208	8	2
189	8	3
166	8	4
143	8	5
124	8	6
103	8	7
80	8	8
59	8	9
45	8	10
26	8	11
7	8	12
-13	8	13
-36	8	14
-59	8	15
-75	8	16
-92	8	17
-107	8	18
-124	8	19
-139	8	20
-154	8	21
-171	8	22
-182	8	23
-186	8	24
-196	8	25
-198	8	26
-198	8	27
-196	8	28
-192	8	29
-195	8	30
-192	8	31
-192	8	32
-189	8	33
-191	8	34
-191	8	35
-193	8	36
-195	8	37
-195	8	38
-198	8	39
-200	8	40
-199	8	41
-200	8	42
-199	8	43
-202	8	44
-197	8	45
-197	8	46
-200	8	47
-199	8	48
-199	8	49
-195	8	50
-192	8	51
-188	8	52
-190	8	53
-189	8	54
-146	8	55
-146	8	56
-144	8	57
-151	8	58
-149	8	59
-151	8	60
-153	8	61
-151	8	62
-160	8	63
-162	8	64
-163	8	65
-159	8	66
-163	8	67
-164	8	68
-162	8	69
-164	8	70
-164	8	71
-168	8	72
102	9	0
83	9	1
64	9	2
47	9	3
26	9	4
5	9	5
-14	9	6
-33	9	7
-54	9	8
-73	9	9
-85	9	10
-102	9	11
-119	9	12
-138	9	13
-156	9	14
-173	9	15
-188	9	16
-195	9	17
-196	9	18
-199	9	19
-201	9	20
-201	9	21
-201	9	22
-200	9	23
-199	9	24
-202	9	25
-209	9	26
-210	9	27
-212	9	28
-210	9	29
-210	9	30
-212	9	31
-214	9	32
-213	9	33
-209	9	34
-206	9	35
-208	9	36
-205	9	37
-200	9	38
-202	9	39
-202	9	40
-203	9	41
-195	9	42
-188	9	43
-187	9	44
-183	9	45
-188	9	46
-189	9	47
-196	9	48
-197	9	49
-204	9	50
-201	9	51
-203	9	52
-208	9	53
-211	9	54
-162	9	55
-158	9	56
-158	9	57
-158	9	58
-154	9	59
-154	9	60
-154	9	61
-146	9	62
-152	9	63
-154	9	64
-152	9	65
-152	9	66
-150	9	67
-148	9	68
-147	9	69
-155	9	70
-157	9	71
-163	9	72
-42	10	0
-59	10	1
-78	10	2
-95	10	3
-114	10	4
-133	10	5
-148	10	6
-165	10	7
-184	10	8
-202	10	9
-214	10	10
-222	10	11
-215	10	12
-217	10	13
-217	10	14
-217	10	15
-215	10	16
-210	10	17
-211	10	18
-210	10	19
-211	10	20
-209	10	21
-213	10	22
-215	10	23
-214	10	24
-212	10	25
-212	10	26
-211	10	27
-215	10	28
-218	10	29
-217	10	30
-222	10	31
-220	10	32
-213	10	33
-210	10	34
-209	10	35
-213	10	36
-210	10	37
-213	10	38
-215	10	39
-215	10	40
-215	10	41
-218	10	42
-217	10	43
-219	10	44
-218	10	45
-216	10	46
-213	10	47
-211	10	48
-213	10	49
-212	10	50
-213	10	51
-208	10	52
-211	10	53
-215	10	54
-154	10	55
-150	10	56
-148	10	57
-148	10	58
-144	10	59
-144	10	60
-146	10	61
-140	10	62
-146	10	63
-148	10	64
-146	10	65
-146	10	66
-146	10	67
-142	10	68
-143	10	69
-151	10	70
-153	10	71
-153	10	72
-184	11	0
-199	11	1
-213	11	2
-215	11	3
-216	11	4
-220	11	5
-214	11	6
-212	11	7
-210	11	8
-217	11	9
-213	11	10
-211	11	11
-206	11	12
-202	11	13
-209	11	14
-212	11	15
-209	11	16
-211	11	17
-211	11	18
-210	11	19
-212	11	20
-211	11	21
-213	11	22
-216	11	23
-215	11	24
-211	11	25
-211	11	26
-217	11	27
-221	11	28
-223	11	29
-223	11	30
-228	11	31
-227	11	32
-225	11	33
-222	11	34
-223	11	35
-221	11	36
-220	11	37
-217	11	38
-213	11	39
-211	11	40
-209	11	41
-210	11	42
-209	11	43
-207	11	44
-210	11	45
-214	11	46
-213	11	47
-210	11	48
-208	11	49
-210	11	50
-208	11	51
-206	11	52
-204	11	53
-210	11	54
-152	11	55
-152	11	56
-153	11	57
-149	11	58
-143	11	59
-145	11	60
-145	11	61
-141	11	62
-147	11	63
-146	11	64
-142	11	65
-140	11	66
-142	11	67
-138	11	68
-139	11	69
-144	11	70
-144	11	71
-148	11	72
-201	12	0
-203	12	1
-207	12	2
-205	12	3
-207	12	4
-205	12	5
-209	12	6
-212	12	7
-214	12	8
-212	12	9
-213	12	10
-216	12	11
-213	12	12
-209	12	13
-210	12	14
-207	12	15
-207	12	16
-209	12	17
-202	12	18
-203	12	19
-207	12	20
-210	12	21
-212	12	22
-210	12	23
-208	12	24
-209	12	25
-213	12	26
-214	12	27
-220	12	28
-219	12	29
-213	12	30
-210	12	31
-211	12	32
-209	12	33
-208	12	34
-209	12	35
-214	12	36
-214	12	37
-213	12	38
-217	12	39
-222	12	40
-222	12	41
-219	12	42
-218	12	43
-225	12	44
-226	12	45
-231	12	46
-226	12	47
-222	12	48
-221	12	49
-220	12	50
-222	12	51
-218	12	52
-219	12	53
-213	12	54
-158	12	55
-157	12	56
-158	12	57
-155	12	58
-153	12	59
-155	12	60
-154	12	61
-152	12	62
-158	12	63
-162	12	64
-163	12	65
-162	12	66
-166	12	67
-166	12	68
-169	12	69
-176	12	70
-178	12	71
-186	12	72
-199	13	0
-195	13	1
-196	13	2
-202	13	3
-203	13	4
-201	13	5
-204	13	6
-206	13	7
-204	13	8
-199	13	9
-195	13	10
-197	13	11
-205	13	12
-207	13	13
-214	13	14
-211	13	15
-209	13	16
-210	13	17
-210	13	18
-205	13	19
-204	13	20
-202	13	21
-205	13	22
-204	13	23
-199	13	24
-197	13	25
-204	13	26
-211	13	27
-211	13	28
-211	13	29
-212	13	30
-210	13	31
-209	13	32
-205	13	33
-204	13	34
-202	13	35
-204	13	36
-205	13	37
-209	13	38
-209	13	39
-207	13	40
-210	13	41
-211	13	42
-212	13	43
-215	13	44
-216	13	45
-214	13	46
-217	13	47
-214	13	48
-214	13	49
-217	13	50
-217	13	51
-215	13	52
-216	13	53
-214	13	54
-189	13	55
-188	13	56
-186	13	57
-185	13	58
-183	13	59
-182	13	60
-185	13	61
-184	13	62
-191	13	63
-191	13	64
-190	13	65
-187	13	66
-192	13	67
-198	13	68
-198	13	69
-200	13	70
-201	13	71
-201	13	72
-207	14	0
-204	14	1
-199	14	2
-200	14	3
-203	14	4
-210	14	5
-209	14	6
-206	14	7
-203	14	8
-207	14	9
-210	14	10
-211	14	11
-212	14	12
-208	14	13
-208	14	14
-212	14	15
-214	14	16
-215	14	17
-216	14	18
-215	14	19
-215	14	20
-212	14	21
-211	14	22
-209	14	23
-205	14	24
-210	14	25
-216	14	26
-216	14	27
-217	14	28
-217	14	29
-219	14	30
-221	14	31
-217	14	32
-218	14	33
-223	14	34
-226	14	35
-228	14	36
-223	14	37
-225	14	38
-220	14	39
-214	14	40
-218	14	41
-222	14	42
-224	14	43
-224	14	44
-223	14	45
-221	14	46
-224	14	47
-225	14	48
-225	14	49
-222	14	50
-219	14	51
-221	14	52
-221	14	53
-222	14	54
-225	14	55
-228	14	56
-228	14	57
-227	14	58
-225	14	59
-223	14	60
-220	14	61
-222	14	62
-225	14	63
-224	14	64
-221	14	65
-217	14	66
-217	14	67
-217	14	68
-215	14	69
-214	14	70
-216	14	71
-216	14	72
-208	15	0
-202	15	1
-200	15	2
-205	15	3
-207	15	4
-198	15	5
-200	15	6
-203	15	7
-204	15	8
-206	15	9
-210	15	10
-207	15	11
-210	15	12
-212	15	13
-214	15	14
-211	15	15
-212	15	16
-213	15	17
-214	15	18
-216	15	19
-215	15	20
-214	15	21
-215	15	22
-214	15	23
-213	15	24
-217	15	25
-218	15	26
-216	15	27
-216	15	28
-213	15	29
-210	15	30
-205	15	31
-206	15	32
-208	15	33
-210	15	34
-211	15	35
-207	15	36
-208	15	37
-201	15	38
-202	15	39
-200	15	40
-204	15	41
-207	15	42
-205	15	43
-207	15	44
-212	15	45
-213	15	46
-220	15	47
-219	15	48
-218	15	49
-219	15	50
-223	15	51
-219	15	52
-211	15	53
-211	15	54
-209	15	55
-210	15	56
-212	15	57
-213	15	58
-207	15	59
-207	15	60
-211	15	61
-210	15	62
-215	15	63
-220	15	64
-220	15	65
-223	15	66
-223	15	67
-218	15	68
-216	15	69
-213	15	70
-204	15	71
-212	15	72
-201	16	0
-199	16	1
-198	16	2
-200	16	3
-201	16	4
-203	16	5
-204	16	6
-199	16	7
-204	16	8
-206	16	9
-203	16	10
-202	16	11
-203	16	12
-201	16	13
-203	16	14
-202	16	15
-200	16	16
-205	16	17
-205	16	18
-207	16	19
-210	16	20
-207	16	21
-199	16	22
-193	16	23
-192	16	24
-197	16	25
-201	16	26
-201	16	27
-197	16	28
-203	16	29
-202	16	30
-201	16	31
-202	16	32
-205	16	33
-206	16	34
-206	16	35
-208	16	36
-209	16	37
-210	16	38
-209	16	39
-210	16	40
-210	16	41
-207	16	42
-209	16	43
-215	16	44
-217	16	45
-216	16	46
-217	16	47
-217	16	48
-219	16	49
-220	16	50
-221	16	51
-220	16	52
-218	16	53
-217	16	54
-217	16	55
-217	16	56
-217	16	57
-215	16	58
-216	16	59
-214	16	60
-211	16	61
-211	16	62
-211	16	63
-212	16	64
-208	16	65
-213	16	66
-212	16	67
-209	16	68
-208	16	69
-207	16	70
-212	16	71
-213	16	72
-201	17	0
-188	17	1
-190	17	2
-188	17	3
-188	17	4
-189	17	5
-193	17	6
-195	17	7
-197	17	8
-203	17	9
-204	17	10
-201	17	11
-203	17	12
-204	17	13
-206	17	14
-211	17	15
-210	17	16
-217	17	17
-212	17	18
-208	17	19
-203	17	20
-205	17	21
-202	17	22
-202	17	23
-196	17	24
-196	17	25
-194	17	26
-199	17	27
-200	17	28
-206	17	29
-208	17	30
-199	17	31
-197	17	32
-197	17	33
-202	17	34
-201	17	35
-207	17	36
-210	17	37
-208	17	38
-207	17	39
-206	17	40
-204	17	41
-202	17	42
-204	17	43
-204	17	44
-204	17	45
-204	17	46
-202	17	47
-200	17	48
-198	17	49
-200	17	50
-202	17	51
-202	17	52
-212	17	53
-210	17	54
-206	17	55
-208	17	56
-206	17	57
-206	17	58
-206	17	59
-208	17	60
-208	17	61
-208	17	62
-206	17	63
-208	17	64
-204	17	65
-202	17	66
-200	17	67
-200	17	68
-200	17	69
-212	17	70
-213	17	71
-209	17	72
-220	18	0
-217	18	1
-218	18	2
-217	18	3
-220	18	4
-219	18	5
-216	18	6
-213	18	7
-217	18	8
-222	18	9
-219	18	10
-219	18	11
-216	18	12
-217	18	13
-218	18	14
-215	18	15
-214	18	16
-218	18	17
-215	18	18
-213	18	19
-216	18	20
-219	18	21
-221	18	22
-194	18	23
-192	18	24
-194	18	25
-196	18	26
-194	18	27
-194	18	28
-188	18	29
-188	18	30
-184	18	31
-188	18	32
-192	18	33
-190	18	34
-192	18	35
-190	18	36
-190	18	37
-192	18	38
-188	18	39
-188	18	40
-188	18	41
-184	18	42
-182	18	43
-182	18	44
-184	18	45
-188	18	46
-190	18	47
-190	18	48
-188	18	49
-188	18	50
-186	18	51
-184	18	52
-196	18	53
-192	18	54
-194	18	55
-194	18	56
-190	18	57
-188	18	58
-188	18	59
-184	18	60
-184	18	61
-182	18	62
-184	18	63
-184	18	64
-186	18	65
-184	18	66
-180	18	67
-176	18	68
-176	18	69
-192	18	70
-196	18	71
-195	18	72
-216	19	0
-212	19	1
-212	19	2
-215	19	3
-211	19	4
-208	19	5
-211	19	6
-212	19	7
-215	19	8
-215	19	9
-213	19	10
-212	19	11
-215	19	12
-215	19	13
-215	19	14
-211	19	15
-207	19	16
-207	19	17
-212	19	18
-211	19	19
-216	19	20
-216	19	21
-219	19	22
-182	19	23
-178	19	24
-176	19	25
-174	19	26
-174	19	27
-174	19	28
-172	19	29
-174	19	30
-172	19	31
-176	19	32
-178	19	33
-176	19	34
-174	19	35
-174	19	36
-176	19	37
-176	19	38
-172	19	39
-172	19	40
-172	19	41
-168	19	42
-168	19	43
-168	19	44
-170	19	45
-170	19	46
-167	19	47
-165	19	48
-164	19	49
-164	19	50
-162	19	51
-164	19	52
-172	19	53
-172	19	54
-172	19	55
-172	19	56
-168	19	57
-168	19	58
-168	19	59
-168	19	60
-170	19	61
-167	19	62
-169	19	63
-166	19	64
-168	19	65
-168	19	66
-166	19	67
-165	19	68
-168	19	69
-208	19	70
-202	19	71
-203	19	72
-198	20	0
-195	20	1
-193	20	2
-190	20	3
-197	20	4
-197	20	5
-199	20	6
-198	20	7
-200	20	8
-206	20	9
-208	20	10
-208	20	11
-212	20	12
-214	20	13
-215	20	14
-215	20	15
-214	20	16
-214	20	17
-216	20	18
-214	20	19
-213	20	20
-213	20	21
-218	20	22
-166	20	23
-160	20	24
-158	20	25
-161	20	26
-162	20	27
-160	20	28
-162	20	29
-166	20	30
-165	20	31
-170	20	32
-171	20	33
-171	20	34
-167	20	35
-168	20	36
-166	20	37
-164	20	38
-162	20	39
-164	20	40
-158	20	41
-160	20	42
-158	20	43
-162	20	44
-160	20	45
-162	20	46
-160	20	47
-164	20	48
-158	20	49
-156	20	50
-158	20	51
-160	20	52
-166	20	53
-162	20	54
-162	20	55
-164	20	56
-164	20	57
-166	20	58
-165	20	59
-163	20	60
-167	20	61
-166	20	62
-168	20	63
-165	20	64
-164	20	65
-162	20	66
-164	20	67
-160	20	68
-161	20	69
-213	20	70
-217	20	71
-216	20	72
-221	21	0
-221	21	1
-222	21	2
-220	21	3
-219	21	4
-220	21	5
-215	21	6
-215	21	7
-214	21	8
-220	21	9
-218	21	10
-216	21	11
-218	21	12
-220	21	13
-217	21	14
-218	21	15
-219	21	16
-222	21	17
-219	21	18
-217	21	19
-218	21	20
-221	21	21
-218	21	22
-160	21	23
-160	21	24
-160	21	25
-162	21	26
-162	21	27
-162	21	28
-158	21	29
-160	21	30
-160	21	31
-162	21	32
-162	21	33
-162	21	34
-160	21	35
-163	21	36
-162	21	37
-162	21	38
-163	21	39
-158	21	40
-154	21	41
-154	21	42
-152	21	43
-157	21	44
-156	21	45
-154	21	46
-152	21	47
-156	21	48
-154	21	49
-156	21	50
-158	21	51
-162	21	52
-162	21	53
-164	21	54
-164	21	55
-162	21	56
-156	21	57
-156	21	58
-159	21	59
-160	21	60
-161	21	61
-163	21	62
-167	21	63
-164	21	64
-166	21	65
-160	21	66
-162	21	67
-166	21	68
-160	21	69
-205	21	70
-209	21	71
-206	21	72
-211	22	0
-214	22	1
-216	22	2
-217	22	3
-220	22	4
-219	22	5
-216	22	6
-215	22	7
-212	22	8
-209	22	9
-210	22	10
-207	22	11
-206	22	12
-201	22	13
-201	22	14
-204	22	15
-210	22	16
-211	22	17
-210	22	18
-206	22	19
-206	22	20
-207	22	21
-209	22	22
-158	22	23
-157	22	24
-159	22	25
-159	22	26
-161	22	27
-159	22	28
-161	22	29
-160	22	30
-160	22	31
-163	22	32
-160	22	33
-162	22	34
-166	22	35
-164	22	36
-164	22	37
-166	22	38
-164	22	39
-158	22	40
-156	22	41
-150	22	42
-150	22	43
-155	22	44
-159	22	45
-160	22	46
-163	22	47
-166	22	48
-162	22	49
-164	22	50
-164	22	51
-166	22	52
-166	22	53
-168	22	54
-166	22	55
-165	22	56
-165	22	57
-164	22	58
-166	22	59
-164	22	60
-168	22	61
-169	22	62
-173	22	63
-171	22	64
-168	22	65
-173	22	66
-168	22	67
-168	22	68
-162	22	69
-212	22	70
-210	22	71
-215	22	72
-199	23	0
-203	23	1
-207	23	2
-201	23	3
-197	23	4
-198	23	5
-199	23	6
-194	23	7
-194	23	8
-192	23	9
-191	23	10
-194	23	11
-197	23	12
-202	23	13
-199	23	14
-204	23	15
-205	23	16
-205	23	17
-208	23	18
-208	23	19
-215	23	20
-219	23	21
-219	23	22
-167	23	23
-169	23	24
-167	23	25
-166	23	26
-167	23	27
-164	23	28
-167	23	29
-165	23	30
-166	23	31
-172	23	32
-170	23	33
-169	23	34
-167	23	35
-164	23	36
-166	23	37
-162	23	38
-158	23	39
-150	23	40
-150	23	41
-146	23	42
-146	23	43
-156	23	44
-159	23	45
-166	23	46
-171	23	47
-174	23	48
-177	23	49
-178	23	50
-179	23	51
-182	23	52
-183	23	53
-186	23	54
-182	23	55
-180	23	56
-181	23	57
-180	23	58
-181	23	59
-178	23	60
-181	23	61
-182	23	62
-184	23	63
-187	23	64
-185	23	65
-185	23	66
-182	23	67
-180	23	68
-177	23	69
-209	23	70
-213	23	71
-216	23	72
-223	24	0
-219	24	1
-215	24	2
-215	24	3
-208	24	4
-209	24	5
-208	24	6
-207	24	7
-203	24	8
-207	24	9
-210	24	10
-204	24	11
-206	24	12
-203	24	13
-201	24	14
-205	24	15
-205	24	16
-205	24	17
-203	24	18
-206	24	19
-208	24	20
-208	24	21
-211	24	22
-185	24	23
-185	24	24
-185	24	25
-181	24	26
-179	24	27
-175	24	28
-172	24	29
-173	24	30
-177	24	31
-180	24	32
-176	24	33
-177	24	34
-180	24	35
-183	24	36
-187	24	37
-188	24	38
-187	24	39
-184	24	40
-188	24	41
-189	24	42
-196	24	43
-199	24	44
-199	24	45
-202	24	46
-198	24	47
-194	24	48
-201	24	49
-205	24	50
-208	24	51
-213	24	52
-211	24	53
-209	24	54
-211	24	55
-207	24	56
-207	24	57
-207	24	58
-209	24	59
-213	24	60
-212	24	61
-214	24	62
-216	24	63
-212	24	64
-213	24	65
-213	24	66
-214	24	67
-212	24	68
-211	24	69
-208	24	70
-204	24	71
-213	24	72
-216	25	0
-222	25	1
-226	25	2
-224	25	3
-221	25	4
-221	25	5
-228	25	6
-223	25	7
-224	25	8
-225	25	9
-225	25	10
-224	25	11
-219	25	12
-220	25	13
-220	25	14
-219	25	15
-218	25	16
-215	25	17
-214	25	18
-212	25	19
-210	25	20
-207	25	21
-206	25	22
-204	25	23
-200	25	24
-199	25	25
-201	25	26
-210	25	27
-211	25	28
-213	25	29
-214	25	30
-213	25	31
-220	25	32
-217	25	33
-221	25	34
-216	25	35
-216	25	36
-218	25	37
-218	25	38
-218	25	39
-220	25	40
-221	25	41
-220	25	42
-222	25	43
-224	25	44
-220	25	45
-222	25	46
-224	25	47
-228	25	48
-225	25	49
-219	25	50
-215	25	51
-215	25	52
-211	25	53
-216	25	54
-219	25	55
-220	25	56
-220	25	57
-218	25	58
-218	25	59
-217	25	60
-212	25	61
-211	25	62
-207	25	63
-201	25	64
-195	25	65
-199	25	66
-200	25	67
-196	25	68
-198	25	69
-202	25	70
-204	25	71
-212	25	72
-212	26	0
-210	26	1
-210	26	2
-214	26	3
-215	26	4
-216	26	5
-213	26	6
-212	26	7
-209	26	8
-208	26	9
-210	26	10
-206	26	11
-208	26	12
-206	26	13
-209	26	14
-211	26	15
-208	26	16
-211	26	17
-216	26	18
-214	26	19
-213	26	20
-208	26	21
-207	26	22
-203	26	23
-201	26	24
-198	26	25
-203	26	26
-198	26	27
-197	26	28
-202	26	29
-207	26	30
-209	26	31
-213	26	32
-208	26	33
-213	26	34
-216	26	35
-210	26	36
-213	26	37
-216	26	38
-217	26	39
-218	26	40
-212	26	41
-215	26	42
-218	26	43
-218	26	44
-221	26	45
-223	26	46
-218	26	47
-221	26	48
-222	26	49
-224	26	50
-227	26	51
-227	26	52
-222	26	53
-215	26	54
-212	26	55
-208	26	56
-204	26	57
-206	26	58
-205	26	59
-204	26	60
-205	26	61
-203	26	62
-208	26	63
-209	26	64
-208	26	65
-204	26	66
-205	26	67
-205	26	68
-201	26	69
-198	26	70
-197	26	71
-200	26	72
-205	27	0
-202	27	1
-207	27	2
-212	27	3
-212	27	4
-216	27	5
-224	27	6
-224	27	7
-227	27	8
-227	27	9
-224	27	10
-221	27	11
-214	27	12
-213	27	13
-211	27	14
-213	27	15
-215	27	16
-220	27	17
-220	27	18
-219	27	19
-215	27	20
-214	27	21
-210	27	22
-208	27	23
-203	27	24
-202	27	25
-203	27	26
-201	27	27
-204	27	28
-208	27	29
-208	27	30
-205	27	31
-202	27	32
-204	27	33
-208	27	34
-209	27	35
-203	27	36
-207	27	37
-205	27	38
-205	27	39
-205	27	40
-209	27	41
-214	27	42
-214	27	43
-209	27	44
-208	27	45
-200	27	46
-199	27	47
-201	27	48
-199	27	49
-198	27	50
-204	27	51
-210	27	52
-214	27	53
-213	27	54
-215	27	55
-219	27	56
-219	27	57
-218	27	58
-225	27	59
-223	27	60
-218	27	61
-210	27	62
-210	27	63
-212	27	64
-212	27	65
-217	27	66
-215	27	67
-220	27	68
-211	27	69
-212	27	70
-209	27	71
-208	27	72
-220	28	0
-215	28	1
-214	28	2
-215	28	3
-215	28	4
-215	28	5
-219	28	6
-218	28	7
-217	28	8
-218	28	9
-220	28	10
-219	28	11
-220	28	12
-213	28	13
-207	28	14
-207	28	15
-215	28	16
-214	28	17
-218	28	18
-217	28	19
-220	28	20
-220	28	21
-221	28	22
-216	28	23
-213	28	24
-211	28	25
-207	28	26
-209	28	27
-209	28	28
-214	28	29
-215	28	30
-211	28	31
-214	28	32
-217	28	33
-220	28	34
-221	28	35
-223	28	36
-225	28	37
-225	28	38
-218	28	39
-220	28	40
-218	28	41
-217	28	42
-215	28	43
-216	28	44
-216	28	45
-216	28	46
-216	28	47
-217	28	48
-211	28	49
-210	28	50
-206	28	51
-206	28	52
-201	28	53
-194	28	54
-193	28	55
-197	28	56
-198	28	57
-200	28	58
-200	28	59
-201	28	60
-204	28	61
-211	28	62
-210	28	63
-212	28	64
-209	28	65
-210	28	66
-209	28	67
-206	28	68
-203	28	69
-201	28	70
-198	28	71
-194	28	72
-230	29	0
-230	29	1
-225	29	2
-225	29	3
-222	29	4
-226	29	5
-222	29	6
-223	29	7
-225	29	8
-229	29	9
-228	29	10
-222	29	11
-228	29	12
-223	29	13
-231	29	14
-235	29	15
-235	29	16
-230	29	17
-227	29	18
-220	29	19
-216	29	20
-216	29	21
-219	29	22
-216	29	23
-216	29	24
-213	29	25
-211	29	26
-208	29	27
-208	29	28
-205	29	29
-201	29	30
-199	29	31
-205	29	32
-204	29	33
-204	29	34
-203	29	35
-201	29	36
-202	29	37
-207	29	38
-205	29	39
-209	29	40
-213	29	41
-214	29	42
-213	29	43
-212	29	44
-212	29	45
-214	29	46
-216	29	47
-219	29	48
-219	29	49
-218	29	50
-218	29	51
-218	29	52
-219	29	53
-218	29	54
-218	29	55
-220	29	56
-217	29	57
-213	29	58
-210	29	59
-210	29	60
-213	29	61
-218	29	62
-214	29	63
-206	29	64
-202	29	65
-197	29	66
-198	29	67
-198	29	68
-199	29	69
-202	29	70
-202	29	71
-204	29	72
-220	30	0
-217	30	1
-218	30	2
-217	30	3
-219	30	4
-220	30	5
-216	30	6
-220	30	7
-217	30	8
-218	30	9
-217	30	10
-216	30	11
-215	30	12
-216	30	13
-220	30	14
-216	30	15
-215	30	16
-215	30	17
-213	30	18
-211	30	19
-209	30	20
-208	30	21
-207	30	22
-210	30	23
-207	30	24
-206	30	25
-205	30	26
-204	30	27
-207	30	28
-205	30	29
-211	30	30
-213	30	31
-221	30	32
-218	30	33
-221	30	34
-223	30	35
-223	30	36
-221	30	37
-217	30	38
-221	30	39
-222	30	40
-222	30	41
-220	30	42
-222	30	43
-224	30	44
-220	30	45
-212	30	46
-212	30	47
-212	30	48
-213	30	49
-214	30	50
-219	30	51
-221	30	52
-223	30	53
-223	30	54
-219	30	55
-210	30	56
-209	30	57
-209	30	58
-208	30	59
-212	30	60
-215	30	61
-221	30	62
-216	30	63
-214	30	64
-211	30	65
-206	30	66
-208	30	67
-212	30	68
-209	30	69
-218	30	70
-215	30	71
-212	30	72
-203	31	0
-194	31	1
-197	31	2
-190	31	3
-186	31	4
-186	31	5
-185	31	6
-190	31	7
-195	31	8
-194	31	9
-202	31	10
-203	31	11
-204	31	12
-211	31	13
-220	31	14
-222	31	15
-220	31	16
-220	31	17
-221	31	18
-214	31	19
-215	31	20
-211	31	21
-211	31	22
-214	31	23
-221	31	24
-223	31	25
-222	31	26
-222	31	27
-224	31	28
-227	31	29
-224	31	30
-223	31	31
-221	31	32
-216	31	33
-217	31	34
-212	31	35
-211	31	36
-213	31	37
-217	31	38
-216	31	39
-215	31	40
-217	31	41
-218	31	42
-219	31	43
-218	31	44
-223	31	45
-223	31	46
-223	31	47
-223	31	48
-221	31	49
-223	31	50
-220	31	51
-220	31	52
-219	31	53
-210	31	54
-210	31	55
-214	31	56
-211	31	57
-216	31	58
-216	31	59
-216	31	60
-215	31	61
-212	31	62
-209	31	63
-205	31	64
-204	31	65
-206	31	66
-203	31	67
-205	31	68
-206	31	69
-205	31	70
-211	31	71
-209	31	72
-211	32	0
-212	32	1
-214	32	2
-210	32	3
-215	32	4
-220	32	5
-220	32	6
-220	32	7
-220	32	8
-219	32	9
-222	32	10
-221	32	11
-224	32	12
-224	32	13
-218	32	14
-218	32	15
-220	32	16
-221	32	17
-214	32	18
-217	32	19
-220	32	20
-220	32	21
-219	32	22
-222	32	23
-221	32	24
-220	32	25
-218	32	26
-215	32	27
-217	32	28
-217	32	29
-219	32	30
-222	32	31
-224	32	32
-219	32	33
-215	32	34
-215	32	35
-218	32	36
-216	32	37
-214	32	38
-220	32	39
-222	32	40
-224	32	41
-223	32	42
-218	32	43
-220	32	44
-220	32	45
-220	32	46
-223	32	47
-222	32	48
-225	32	49
-227	32	50
-225	32	51
-226	32	52
-221	32	53
-215	32	54
-217	32	55
-222	32	56
-227	32	57
-227	32	58
-224	32	59
-219	32	60
-221	32	61
-221	32	62
-219	32	63
-217	32	64
-212	32	65
-205	32	66
-203	32	67
-209	32	68
-210	32	69
-211	32	70
-209	32	71
-208	32	72
-196	33	0
-196	33	1
-198	33	2
-202	33	3
-202	33	4
-200	33	5
-200	33	6
-207	33	7
-208	33	8
-206	33	9
-208	33	10
-210	33	11
-208	33	12
-208	33	13
-208	33	14
-208	33	15
-206	33	16
-204	33	17
-204	33	18
-200	33	19
-202	33	20
-200	33	21
-202	33	22
-202	33	23
-202	33	24
-198	33	25
-223	33	26
-218	33	27
-221	33	28
-218	33	29
-223	33	30
-225	33	31
-224	33	32
-222	33	33
-223	33	34
-222	33	35
-218	33	36
-220	33	37
-225	33	38
-225	33	39
-226	33	40
-226	33	41
-228	33	42
-229	33	43
-223	33	44
-224	33	45
-230	33	46
-230	33	47
-227	33	48
-226	33	49
-222	33	50
-224	33	51
-225	33	52
-227	33	53
-229	33	54
-227	33	55
-223	33	56
-226	33	57
-220	33	58
-218	33	59
-219	33	60
-217	33	61
-215	33	62
-211	33	63
-211	33	64
-204	33	65
-205	33	66
-203	33	67
-201	33	68
-200	33	69
-201	33	70
-207	33	71
-208	33	72
-192	34	0
-194	34	1
-192	34	2
-192	34	3
-194	34	4
-196	34	5
-192	34	6
-190	34	7
-193	34	8
-194	34	9
-195	34	10
-197	34	11
-196	34	12
-194	34	13
-194	34	14
-192	34	15
-192	34	16
-188	34	17
-186	34	18
-182	34	19
-184	34	20
-184	34	21
-186	34	22
-184	34	23
-182	34	24
-180	34	25
-215	34	26
-216	34	27
-213	34	28
-212	34	29
-217	34	30
-222	34	31
-223	34	32
-221	34	33
-217	34	34
-213	34	35
-213	34	36
-217	34	37
-219	34	38
-223	34	39
-225	34	40
-222	34	41
-228	34	42
-228	34	43
-221	34	44
-227	34	45
-220	34	46
-221	34	47
-222	34	48
-222	34	49
-225	34	50
-224	34	51
-224	34	52
-223	34	53
-227	34	54
-220	34	55
-217	34	56
-218	34	57
-218	34	58
-219	34	59
-215	34	60
-219	34	61
-223	34	62
-226	34	63
-220	34	64
-212	34	65
-211	34	66
-214	34	67
-217	34	68
-220	34	69
-222	34	70
-217	34	71
-216	34	72
-173	35	0
-175	35	1
-169	35	2
-168	35	3
-168	35	4
-168	35	5
-168	35	6
-166	35	7
-164	35	8
-169	35	9
-170	35	10
-170	35	11
-170	35	12
-172	35	13
-172	35	14
-170	35	15
-168	35	16
-168	35	17
-164	35	18
-166	35	19
-169	35	20
-170	35	21
-168	35	22
-168	35	23
-162	35	24
-160	35	25
-210	35	26
-213	35	27
-213	35	28
-214	35	29
-218	35	30
-219	35	31
-218	35	32
-214	35	33
-214	35	34
-217	35	35
-217	35	36
-219	35	37
-220	35	38
-219	35	39
-215	35	40
-213	35	41
-218	35	42
-217	35	43
-216	35	44
-217	35	45
-215	35	46
-216	35	47
-220	35	48
-225	35	49
-227	35	50
-225	35	51
-227	35	52
-225	35	53
-228	35	54
-226	35	55
-224	35	56
-221	35	57
-216	35	58
-215	35	59
-213	35	60
-211	35	61
-213	35	62
-212	35	63
-220	35	64
-221	35	65
-219	35	66
-218	35	67
-216	35	68
-215	35	69
-213	35	70
-211	35	71
-207	35	72

Best result and cooridnate
S	N	M
------------------
248	8	0
