test/text-b was read successfully!
test/block-b was read successfully!
Finished alignment with 66 sequences
S	N	M
------------------
-10	0	0
-7	0	1
-14	0	2
-13	0	3
-15	0	4
-12	0	5
-7	0	6
-8	0	7
-5	0	8
-5	0	9
-8	0	10
-5	1	0
-10	1	1
-13	1	2
-10	1	3
-9	1	4
-6	1	5
-7	1	6
-4	1	7
-3	1	8
0	1	9
3	1	10
-1	2	0
8	2	1
19	2	2
26	2	3
33	2	4
40	2	5
33	2	6
24	2	7
13	2	8
4	2	9
-3	2	10
-1	3	0
2	3	1
3	3	2
-2	3	3
-7	3	4
-10	3	5
-12	3	6
-9	3	7
-11	3	8
-14	3	9
-12	3	10
-6	4	0
-13	4	1
-16	4	2
-19	4	3
-15	4	4
-11	4	5
-10	4	6
-13	4	7
-13	4	8
-12	4	9
-14	4	10
-1	5	0
0	5	1
-5	5	2
-9	5	3
-10	5	4
-14	5	5
-14	5	6
-17	5	7
-13	5	8
-10	5	9
-12	5	10

Best result and cooridnate
S	N	M
------------------
40	2	5
