File block-b was read successfully

Starting alignment for text-b and block-b
File text-b was read successfully
Finished alignment with 66 sequences
S	N	M
------------------
-10	0	0
-7	0	1
-14	0	2
-13	0	3
-15	0	4
-12	0	5
-7	0	6
-8	0	7
-5	0	8
-5	0	9
-8	0	10
-5	1	0
-10	1	1
-13	1	2
-10	1	3
-9	1	4
-6	1	5
-7	1	6
-4	1	7
-3	1	8
0	1	9
3	1	10
-1	2	0
8	2	1
19	2	2
26	2	3
33	2	4
40	2	5
33	2	6
24	2	7
13	2	8
4	2	9
-3	2	10
-1	3	0
2	3	1
3	3	2
-2	3	3
-7	3	4
-10	3	5
-12	3	6
-9	3	7
-11	3	8
-14	3	9
-12	3	10
-6	4	0
-13	4	1
-16	4	2
-19	4	3
-15	4	4
-11	4	5
-10	4	6
-13	4	7
-13	4	8
-12	4	9
-14	4	10
-1	5	0
0	5	1
-5	5	2
-9	5	3
-10	5	4
-14	5	5
-14	5	6
-17	5	7
-13	5	8
-10	5	9
-12	5	10

Best result and coordinate for block-b and text-b
S	N	M
------------------
40	2	5


Starting alignment for news and block-b
File news was read successfully
Finished alignment with 3906 sequences
S	N	M
------------------
-40	0	0
-40	0	1
-40	0	2
-40	0	3
-40	0	4
-40	0	5
-40	0	6
-40	0	7
-40	0	8
-40	0	9
-40	0	10
-40	0	11
-40	0	12
-40	0	13
-40	0	14
-40	0	15
-40	0	16
-40	0	17
-40	0	18
-40	0	19
-40	0	20
-40	0	21
-40	0	22
-40	0	23
-40	0	24
-40	0	25
-40	0	26
-40	0	27
-40	0	28
-40	0	29
-40	0	30
-40	0	31
-40	0	32
-40	0	33
-40	0	34
-40	0	35
-40	0	36
-40	0	37
-40	0	38
-40	0	39
-40	0	40
-40	0	41
-40	0	42
-40	0	43
-40	0	44
-40	0	45
-40	0	46
-40	0	47
-40	0	48
-40	0	49
-40	0	50
-40	0	51
-40	0	52
-40	0	53
-40	0	54
-40	0	55
-40	0	56
-40	0	57
-40	0	58
-40	0	59
-40	0	60
-40	0	61
-40	0	62
-40	0	63
-40	0	64
-40	0	65
-40	0	66
-40	0	67
-40	0	68
-40	0	69
-40	0	70
-40	0	71
-40	0	72
-40	0	73
-40	0	74
-40	0	75
-40	0	76
-40	0	77
-40	0	78
-40	0	79
-40	0	80
-40	0	81
-40	0	82
-40	0	83
-40	0	84
-40	0	85
-40	0	86
-40	0	87
-40	0	88
-40	0	89
-40	0	90
-40	0	91
-40	0	92
-40	1	0
-40	1	1
-40	1	2
-40	1	3
-40	1	4
-40	1	5
-40	1	6
-40	1	7
-40	1	8
-40	1	9
-40	1	10
-40	1	11
-40	1	12
-40	1	13
-40	1	14
-40	1	15
-40	1	16
-40	1	17
-40	1	18
-40	1	19
-40	1	20
-40	1	21
-40	1	22
-40	1	23
-40	1	24
-40	1	25
-40	1	26
-40	1	27
-40	1	28
-40	1	29
-40	1	30
-40	1	31
-40	1	32
-40	1	33
-40	1	34
-40	1	35
-40	1	36
-40	1	37
-40	1	38
-40	1	39
-40	1	40
-40	1	41
-40	1	42
-40	1	43
-40	1	44
-40	1	45
-40	1	46
-40	1	47
-40	1	48
-40	1	49
-40	1	50
-40	1	51
-40	1	52
-40	1	53
-40	1	54
-40	1	55
-40	1	56
-40	1	57
-40	1	58
-40	1	59
-40	1	60
-40	1	61
-40	1	62
-40	1	63
-40	1	64
-40	1	65
-40	1	66
-40	1	67
-40	1	68
-40	1	69
-40	1	70
-40	1	71
-40	1	72
-40	1	73
-40	1	74
-40	1	75
-40	1	76
-40	1	77
-40	1	78
-40	1	79
-40	1	80
-40	1	81
-40	1	82
-40	1	83
-40	1	84
-40	1	85
-40	1	86
-40	1	87
-40	1	88
-40	1	89
-40	1	90
-40	1	91
-40	1	92
-40	2	0
-40	2	1
-40	2	2
-40	2	3
-40	2	4
-40	2	5
-40	2	6
-40	2	7
-40	2	8
-40	2	9
-40	2	10
-40	2	11
-40	2	12
-40	2	13
-40	2	14
-40	2	15
-40	2	16
-40	2	17
-40	2	18
-40	2	19
-40	2	20
-40	2	21
-40	2	22
-40	2	23
-40	2	24
-40	2	25
-40	2	26
-40	2	27
-40	2	28
-40	2	29
-40	2	30
-40	2	31
-40	2	32
-40	2	33
-40	2	34
-40	2	35
-40	2	36
-40	2	37
-40	2	38
-40	2	39
-40	2	40
-40	2	41
-40	2	42
-40	2	43
-40	2	44
-40	2	45
-40	2	46
-40	2	47
-40	2	48
-40	2	49
-40	2	50
-40	2	51
-40	2	52
-40	2	53
-40	2	54
-40	2	55
-40	2	56
-40	2	57
-40	2	58
-40	2	59
-40	2	60
-40	2	61
-40	2	62
-40	2	63
-40	2	64
-40	2	65
-40	2	66
-40	2	67
-40	2	68
-40	2	69
-40	2	70
-40	2	71
-40	2	72
-40	2	73
-40	2	74
-40	2	75
-40	2	76
-40	2	77
-40	2	78
-40	2	79
-40	2	80
-40	2	81
-40	2	82
-40	2	83
-40	2	84
-40	2	85
-40	2	86
-40	2	87
-40	2	88
-40	2	89
-40	2	90
-40	2	91
-40	2	92
-40	3	0
-40	3	1
-40	3	2
-40	3	3
-40	3	4
-40	3	5
-40	3	6
-40	3	7
-40	3	8
-40	3	9
-40	3	10
-40	3	11
-40	3	12
-40	3	13
-40	3	14
-40	3	15
-40	3	16
-40	3	17
-40	3	18
-40	3	19
-40	3	20
-40	3	21
-40	3	22
-40	3	23
-40	3	24
-40	3	25
-40	3	26
-40	3	27
-40	3	28
-40	3	29
-40	3	30
-40	3	31
-40	3	32
-40	3	33
-40	3	34
-40	3	35
-40	3	36
-40	3	37
-40	3	38
-40	3	39
-40	3	40
-40	3	41
-40	3	42
-40	3	43
-40	3	44
-38	3	45
-38	3	46
-38	3	47
-38	3	48
-40	3	49
-40	3	50
-40	3	51
-40	3	52
-38	3	53
-40	3	54
-40	3	55
-40	3	56
-40	3	57
-40	3	58
-40	3	59
-40	3	60
-40	3	61
-40	3	62
-40	3	63
-40	3	64
-40	3	65
-40	3	66
-40	3	67
-40	3	68
-40	3	69
-40	3	70
-40	3	71
-40	3	72
-40	3	73
-40	3	74
-40	3	75
-40	3	76
-40	3	77
-40	3	78
-40	3	79
-40	3	80
-40	3	81
-40	3	82
-40	3	83
-40	3	84
-40	3	85
-40	3	86
-40	3	87
-40	3	88
-40	3	89
-40	3	90
-40	3	91
-40	3	92
-40	4	0
-40	4	1
-40	4	2
-40	4	3
-40	4	4
-40	4	5
-40	4	6
-40	4	7
-40	4	8
-40	4	9
-40	4	10
-40	4	11
-40	4	12
-40	4	13
-40	4	14
-40	4	15
-40	4	16
-40	4	17
-40	4	18
-40	4	19
-40	4	20
-40	4	21
-40	4	22
-40	4	23
-40	4	24
-40	4	25
-40	4	26
-40	4	27
-40	4	28
-40	4	29
-40	4	30
-40	4	31
-40	4	32
-40	4	33
-40	4	34
-40	4	35
-40	4	36
-40	4	37
-40	4	38
-40	4	39
-40	4	40
-40	4	41
-40	4	42
-40	4	43
-40	4	44
-38	4	45
-38	4	46
-38	4	47
-38	4	48
-40	4	49
-40	4	50
-40	4	51
-40	4	52
-40	4	53
-40	4	54
-40	4	55
-40	4	56
-40	4	57
-40	4	58
-40	4	59
-40	4	60
-40	4	61
-40	4	62
-40	4	63
-40	4	64
-40	4	65
-40	4	66
-40	4	67
-40	4	68
-40	4	69
-40	4	70
-40	4	71
-40	4	72
-40	4	73
-40	4	74
-40	4	75
-40	4	76
-40	4	77
-40	4	78
-40	4	79
-40	4	80
-40	4	81
-40	4	82
-40	4	83
-40	4	84
-40	4	85
-40	4	86
-40	4	87
-40	4	88
-40	4	89
-40	4	90
-40	4	91
-40	4	92
-40	5	0
-40	5	1
-40	5	2
-40	5	3
-40	5	4
-40	5	5
-40	5	6
-40	5	7
-40	5	8
-40	5	9
-40	5	10
-40	5	11
-40	5	12
-40	5	13
-38	5	14
-40	5	15
-40	5	16
-40	5	17
-40	5	18
-40	5	19
-40	5	20
-40	5	21
-40	5	22
-40	5	23
-40	5	24
-40	5	25
-40	5	26
-40	5	27
-40	5	28
-40	5	29
-40	5	30
-40	5	31
-40	5	32
-40	5	33
-40	5	34
-40	5	35
-40	5	36
-40	5	37
-40	5	38
-40	5	39
-40	5	40
-40	5	41
-40	5	42
-40	5	43
-40	5	44
-40	5	45
-40	5	46
-40	5	47
-40	5	48
-40	5	49
-40	5	50
-40	5	51
-38	5	52
-40	5	53
-40	5	54
-40	5	55
-40	5	56
-40	5	57
-40	5	58
-40	5	59
-40	5	60
-40	5	61
-40	5	62
-40	5	63
-40	5	64
-40	5	65
-40	5	66
-40	5	67
-40	5	68
-40	5	69
-40	5	70
-40	5	71
-40	5	72
-40	5	73
-40	5	74
-40	5	75
-40	5	76
-40	5	77
-40	5	78
-40	5	79
-40	5	80
-40	5	81
-40	5	82
-40	5	83
-40	5	84
-40	5	85
-40	5	86
-40	5	87
-40	5	88
-40	5	89
-40	5	90
-40	5	91
-40	5	92
-40	6	0
-40	6	1
-40	6	2
-40	6	3
-40	6	4
-40	6	5
-40	6	6
-40	6	7
-40	6	8
-38	6	9
-40	6	10
-40	6	11
-40	6	12
-40	6	13
-40	6	14
-40	6	15
-40	6	16
-40	6	17
-40	6	18
-40	6	19
-40	6	20
-40	6	21
-40	6	22
-40	6	23
-40	6	24
-40	6	25
-40	6	26
-40	6	27
-40	6	28
-40	6	29
-40	6	30
-40	6	31
-40	6	32
-40	6	33
-40	6	34
-40	6	35
-40	6	36
-40	6	37
-40	6	38
-40	6	39
-40	6	40
-40	6	41
-40	6	42
-40	6	43
-40	6	44
-40	6	45
-38	6	46
-40	6	47
-40	6	48
-38	6	49
-40	6	50
-40	6	51
-38	6	52
-40	6	53
-38	6	54
-40	6	55
-40	6	56
-40	6	57
-40	6	58
-40	6	59
-40	6	60
-40	6	61
-40	6	62
-40	6	63
-40	6	64
-40	6	65
-40	6	66
-40	6	67
-40	6	68
-40	6	69
-40	6	70
-40	6	71
-40	6	72
-40	6	73
-40	6	74
-40	6	75
-40	6	76
-40	6	77
-40	6	78
-40	6	79
-38	6	80
-40	6	81
-40	6	82
-40	6	83
-40	6	84
-40	6	85
-40	6	86
-40	6	87
-40	6	88
-40	6	89
-40	6	90
-40	6	91
-40	6	92
-40	7	0
-40	7	1
-40	7	2
-40	7	3
-40	7	4
-40	7	5
-40	7	6
-40	7	7
-40	7	8
-40	7	9
-40	7	10
-40	7	11
-40	7	12
-38	7	13
-40	7	14
-40	7	15
-40	7	16
-40	7	17
-40	7	18
-40	7	19
-40	7	20
-40	7	21
-40	7	22
-40	7	23
-40	7	24
-40	7	25
-40	7	26
-40	7	27
-40	7	28
-40	7	29
-40	7	30
-40	7	31
-40	7	32
-40	7	33
-40	7	34
-40	7	35
-40	7	36
-40	7	37
-40	7	38
-40	7	39
-40	7	40
-40	7	41
-40	7	42
-40	7	43
-40	7	44
-40	7	45
-40	7	46
-40	7	47
-40	7	48
-40	7	49
-40	7	50
-40	7	51
-40	7	52
-40	7	53
-40	7	54
-40	7	55
-40	7	56
-40	7	57
-40	7	58
-40	7	59
-40	7	60
-40	7	61
-40	7	62
-40	7	63
-40	7	64
-40	7	65
-40	7	66
-40	7	67
-40	7	68
-40	7	69
-40	7	70
-40	7	71
-40	7	72
-40	7	73
-40	7	74
-38	7	75
-38	7	76
-40	7	77
-40	7	78
-40	7	79
-40	7	80
-40	7	81
-40	7	82
-40	7	83
-40	7	84
-40	7	85
-40	7	86
-40	7	87
-40	7	88
-40	7	89
-40	7	90
-40	7	91
-40	7	92
-40	8	0
-40	8	1
-40	8	2
-40	8	3
-40	8	4
-40	8	5
-40	8	6
-38	8	7
-40	8	8
-40	8	9
-38	8	10
-40	8	11
-40	8	12
-38	8	13
-40	8	14
-38	8	15
-40	8	16
-40	8	17
-40	8	18
-40	8	19
-40	8	20
-40	8	21
-40	8	22
-40	8	23
-40	8	24
-38	8	25
-40	8	26
-40	8	27
-40	8	28
-40	8	29
-40	8	30
-40	8	31
-40	8	32
-40	8	33
-40	8	34
-40	8	35
-40	8	36
-40	8	37
-40	8	38
-40	8	39
-40	8	40
-40	8	41
-40	8	42
-40	8	43
-40	8	44
-40	8	45
-40	8	46
-40	8	47
-40	8	48
-40	8	49
-40	8	50
-40	8	51
-40	8	52
-40	8	53
-40	8	54
-40	8	55
-40	8	56
-40	8	57
-40	8	58
-40	8	59
-40	8	60
-40	8	61
-40	8	62
-40	8	63
-40	8	64
-40	8	65
-40	8	66
-40	8	67
-40	8	68
-40	8	69
-40	8	70
-40	8	71
-40	8	72
-40	8	73
-40	8	74
-40	8	75
-40	8	76
-40	8	77
-40	8	78
-38	8	79
-38	8	80
-40	8	81
-40	8	82
-40	8	83
-40	8	84
-40	8	85
-40	8	86
-40	8	87
-40	8	88
-40	8	89
-40	8	90
-40	8	91
-40	8	92
-40	9	0
-40	9	1
-40	9	2
-40	9	3
-40	9	4
-40	9	5
-40	9	6
-40	9	7
-40	9	8
-40	9	9
-40	9	10
-40	9	11
-40	9	12
-40	9	13
-40	9	14
-40	9	15
-40	9	16
-40	9	17
-40	9	18
-40	9	19
-38	9	20
-40	9	21
-40	9	22
-40	9	23
-40	9	24
-40	9	25
-40	9	26
-40	9	27
-40	9	28
-40	9	29
-40	9	30
-40	9	31
-40	9	32
-40	9	33
-40	9	34
-40	9	35
-40	9	36
-40	9	37
-40	9	38
-40	9	39
-40	9	40
-40	9	41
-40	9	42
-40	9	43
-40	9	44
-40	9	45
-40	9	46
-40	9	47
-40	9	48
-40	9	49
-40	9	50
-40	9	51
-40	9	52
-40	9	53
-40	9	54
-40	9	55
-40	9	56
-40	9	57
-40	9	58
-40	9	59
-40	9	60
-40	9	61
-40	9	62
-40	9	63
-40	9	64
-40	9	65
-40	9	66
-40	9	67
-40	9	68
-40	9	69
-40	9	70
-40	9	71
-40	9	72
-38	9	73
-40	9	74
-40	9	75
-38	9	76
-38	9	77
-40	9	78
-38	9	79
-38	9	80
-38	9	81
-40	9	82
-40	9	83
-40	9	84
-40	9	85
-40	9	86
-40	9	87
-40	9	88
-40	9	89
-40	9	90
-40	9	91
-40	9	92
-40	10	0
-40	10	1
-40	10	2
-40	10	3
-40	10	4
-40	10	5
-40	10	6
-40	10	7
-40	10	8
-40	10	9
-40	10	10
-40	10	11
-40	10	12
-40	10	13
-40	10	14
-40	10	15
-40	10	16
-40	10	17
-40	10	18
-40	10	19
-40	10	20
-40	10	21
-40	10	22
-40	10	23
-38	10	24
-40	10	25
-40	10	26
-40	10	27
-40	10	28
-40	10	29
-40	10	30
-40	10	31
-40	10	32
-40	10	33
-40	10	34
-40	10	35
-40	10	36
-40	10	37
-40	10	38
-40	10	39
-40	10	40
-40	10	41
-40	10	42
-40	10	43
-40	10	44
-40	10	45
-40	10	46
-40	10	47
-40	10	48
-40	10	49
-40	10	50
-40	10	51
-40	10	52
-40	10	53
-40	10	54
-40	10	55
-40	10	56
-40	10	57
-40	10	58
-40	10	59
-40	10	60
-40	10	61
-40	10	62
-40	10	63
-40	10	64
-40	10	65
-40	10	66
-40	10	67
-40	10	68
-40	10	69
-40	10	70
-40	10	71
-40	10	72
-40	10	73
-40	10	74
-40	10	75
-40	10	76
-40	10	77
-40	10	78
-40	10	79
-40	10	80
-40	10	81
-40	10	82
-40	10	83
-40	10	84
-40	10	85
-40	10	86
-40	10	87
-40	10	88
-40	10	89
-40	10	90
-40	10	91
-40	10	92
-40	11	0
-38	11	1
-38	11	2
-40	11	3
-40	11	4
-38	11	5
-40	11	6
-38	11	7
-40	11	8
-40	11	9
-38	11	10
-40	11	11
-40	11	12
-40	11	13
-40	11	14
-40	11	15
-40	11	16
-40	11	17
-38	11	18
-40	11	19
-40	11	20
-38	11	21
-40	11	22
-40	11	23
-38	11	24
-40	11	25
-38	11	26
-40	11	27
-40	11	28
-40	11	29
-40	11	30
-40	11	31
-40	11	32
-40	11	33
-40	11	34
-40	11	35
-40	11	36
-40	11	37
-40	11	38
-40	11	39
-40	11	40
-40	11	41
-40	11	42
-40	11	43
-40	11	44
-40	11	45
-40	11	46
-40	11	47
-40	11	48
-40	11	49
-40	11	50
-40	11	51
-40	11	52
-40	11	53
-40	11	54
-40	11	55
-40	11	56
-40	11	57
-40	11	58
-40	11	59
-40	11	60
-40	11	61
-40	11	62
-40	11	63
-40	11	64
-40	11	65
-40	11	66
-40	11	67
-40	11	68
-40	11	69
-40	11	70
-40	11	71
-40	11	72
-40	11	73
-40	11	74
-38	11	75
-38	11	76
-38	11	77
-38	11	78
-38	11	79
-38	11	80
-38	11	81
-38	11	82
-38	11	83
-38	11	84
-40	11	85
-40	11	86
-40	11	87
-40	11	88
-40	11	89
-40	11	90
-40	11	91
-40	11	92
-40	12	0
-38	12	1
-38	12	2
-38	12	3
-40	12	4
-38	12	5
-40	12	6
-38	12	7
-40	12	8
-40	12	9
-38	12	10
-40	12	11
-40	12	12
-40	12	13
-40	12	14
-40	12	15
-40	12	16
-40	12	17
-40	12	18
-40	12	19
-40	12	20
-40	12	21
-40	12	22
-40	12	23
-40	12	24
-40	12	25
-40	12	26
-40	12	27
-40	12	28
-40	12	29
-40	12	30
-40	12	31
-40	12	32
-40	12	33
-40	12	34
-40	12	35
-40	12	36
-40	12	37
-40	12	38
-40	12	39
-40	12	40
-40	12	41
-40	12	42
-40	12	43
-40	12	44
-40	12	45
-40	12	46
-40	12	47
-40	12	48
-40	12	49
-40	12	50
-40	12	51
-40	12	52
-40	12	53
-40	12	54
-40	12	55
-40	12	56
-40	12	57
-40	12	58
-40	12	59
-40	12	60
-40	12	61
-40	12	62
-40	12	63
-40	12	64
-40	12	65
-40	12	66
-40	12	67
-40	12	68
-40	12	69
-40	12	70
-40	12	71
-40	12	72
-40	12	73
-40	12	74
-38	12	75
-38	12	76
-38	12	77
-38	12	78
-38	12	79
-38	12	80
-38	12	81
-38	12	82
-38	12	83
-38	12	84
-40	12	85
-40	12	86
-40	12	87
-40	12	88
-40	12	89
-40	12	90
-40	12	91
-40	12	92
-40	13	0
-38	13	1
-38	13	2
-38	13	3
-38	13	4
-40	13	5
-40	13	6
-40	13	7
-40	13	8
-40	13	9
-40	13	10
-40	13	11
-40	13	12
-40	13	13
-40	13	14
-40	13	15
-40	13	16
-40	13	17
-40	13	18
-40	13	19
-40	13	20
-40	13	21
-40	13	22
-40	13	23
-40	13	24
-40	13	25
-40	13	26
-40	13	27
-40	13	28
-40	13	29
-40	13	30
-40	13	31
-40	13	32
-40	13	33
-40	13	34
-40	13	35
-40	13	36
-40	13	37
-40	13	38
-40	13	39
-40	13	40
-40	13	41
-40	13	42
-40	13	43
-40	13	44
-40	13	45
-40	13	46
-40	13	47
-40	13	48
-40	13	49
-40	13	50
-40	13	51
-40	13	52
-40	13	53
-40	13	54
-40	13	55
-40	13	56
-40	13	57
-40	13	58
-40	13	59
-40	13	60
-40	13	61
-40	13	62
-40	13	63
-40	13	64
-40	13	65
-40	13	66
-40	13	67
-40	13	68
-40	13	69
-40	13	70
-40	13	71
-40	13	72
-40	13	73
-40	13	74
-38	13	75
-38	13	76
-38	13	77
-38	13	78
-38	13	79
-38	13	80
-38	13	81
-38	13	82
-40	13	83
-40	13	84
-40	13	85
-40	13	86
-40	13	87
-40	13	88
-40	13	89
-40	13	90
-40	13	91
-40	13	92
-40	14	0
-40	14	1
-40	14	2
-40	14	3
-40	14	4
-40	14	5
-38	14	6
-38	14	7
-40	14	8
-38	14	9
-40	14	10
-40	14	11
-40	14	12
-40	14	13
-40	14	14
-40	14	15
-40	14	16
-40	14	17
-40	14	18
-40	14	19
-40	14	20
-40	14	21
-40	14	22
-40	14	23
-40	14	24
-40	14	25
-40	14	26
-40	14	27
-40	14	28
-40	14	29
-40	14	30
-40	14	31
-40	14	32
-40	14	33
-40	14	34
-40	14	35
-40	14	36
-40	14	37
-40	14	38
-40	14	39
-40	14	40
-40	14	41
-40	14	42
-40	14	43
-40	14	44
-40	14	45
-40	14	46
-40	14	47
-40	14	48
-40	14	49
-40	14	50
-40	14	51
-40	14	52
-40	14	53
-40	14	54
-40	14	55
-40	14	56
-40	14	57
-40	14	58
-40	14	59
-38	14	60
-40	14	61
-40	14	62
-40	14	63
-40	14	64
-38	14	65
-40	14	66
-40	14	67
-40	14	68
-40	14	69
-40	14	70
-40	14	71
-40	14	72
-40	14	73
-40	14	74
-40	14	75
-38	14	76
-40	14	77
-40	14	78
-38	14	79
-40	14	80
-40	14	81
-38	14	82
-40	14	83
-38	14	84
-40	14	85
-40	14	86
-40	14	87
-40	14	88
-40	14	89
-40	14	90
-40	14	91
-40	14	92
-40	15	0
-40	15	1
-40	15	2
-40	15	3
-40	15	4
-40	15	5
-40	15	6
-40	15	7
-40	15	8
-40	15	9
-40	15	10
-40	15	11
-40	15	12
-40	15	13
-40	15	14
-40	15	15
-40	15	16
-40	15	17
-40	15	18
-40	15	19
-40	15	20
-40	15	21
-40	15	22
-40	15	23
-40	15	24
-40	15	25
-40	15	26
-40	15	27
-40	15	28
-40	15	29
-40	15	30
-40	15	31
-40	15	32
-40	15	33
-40	15	34
-40	15	35
-40	15	36
-40	15	37
-40	15	38
-40	15	39
-40	15	40
-40	15	41
-40	15	42
-40	15	43
-40	15	44
-40	15	45
-40	15	46
-40	15	47
-40	15	48
-40	15	49
-40	15	50
-40	15	51
-40	15	52
-40	15	53
-40	15	54
-40	15	55
-40	15	56
-40	15	57
-40	15	58
-40	15	59
-40	15	60
-40	15	61
-40	15	62
-40	15	63
-40	15	64
-40	15	65
-40	15	66
-40	15	67
-40	15	68
-40	15	69
-40	15	70
-40	15	71
-40	15	72
-40	15	73
-40	15	74
-40	15	75
-40	15	76
-40	15	77
-40	15	78
-40	15	79
-40	15	80
-40	15	81
-40	15	82
-40	15	83
-40	15	84
-40	15	85
-40	15	86
-40	15	87
-40	15	88
-40	15	89
-40	15	90
-40	15	91
-40	15	92
-40	16	0
-40	16	1
-40	16	2
-40	16	3
-40	16	4
-40	16	5
-40	16	6
-40	16	7
-40	16	8
-40	16	9
-40	16	10
-40	16	11
-40	16	12
-40	16	13
-40	16	14
-40	16	15
-40	16	16
-40	16	17
-40	16	18
-40	16	19
-40	16	20
-40	16	21
-40	16	22
-40	16	23
-40	16	24
-40	16	25
-40	16	26
-40	16	27
-40	16	28
-40	16	29
-40	16	30
-40	16	31
-40	16	32
-40	16	33
-40	16	34
-40	16	35
-40	16	36
-40	16	37
-40	16	38
-40	16	39
-40	16	40
-40	16	41
-40	16	42
-40	16	43
-40	16	44
-40	16	45
-40	16	46
-40	16	47
-40	16	48
-40	16	49
-40	16	50
-40	16	51
-38	16	52
-40	16	53
-38	16	54
-40	16	55
-40	16	56
-40	16	57
-40	16	58
-40	16	59
-40	16	60
-40	16	61
-38	16	62
-40	16	63
-38	16	64
-40	16	65
-38	16	66
-40	16	67
-40	16	68
-40	16	69
-40	16	70
-40	16	71
-40	16	72
-40	16	73
-40	16	74
-40	16	75
-40	16	76
-40	16	77
-40	16	78
-40	16	79
-40	16	80
-40	16	81
-40	16	82
-40	16	83
-40	16	84
-40	16	85
-40	16	86
-40	16	87
-40	16	88
-40	16	89
-40	16	90
-40	16	91
-40	16	92
-40	17	0
-40	17	1
-40	17	2
-40	17	3
-40	17	4
-40	17	5
-40	17	6
-40	17	7
-40	17	8
-40	17	9
-40	17	10
-40	17	11
-40	17	12
-40	17	13
-40	17	14
-40	17	15
-40	17	16
-40	17	17
-40	17	18
-40	17	19
-40	17	20
-40	17	21
-40	17	22
-40	17	23
-40	17	24
-40	17	25
-40	17	26
-40	17	27
-40	17	28
-40	17	29
-40	17	30
-40	17	31
-40	17	32
-40	17	33
-40	17	34
-40	17	35
-40	17	36
-40	17	37
-40	17	38
-40	17	39
-40	17	40
-40	17	41
-40	17	42
-40	17	43
-40	17	44
-40	17	45
-40	17	46
-40	17	47
-40	17	48
-40	17	49
-40	17	50
-40	17	51
-40	17	52
-40	17	53
-38	17	54
-40	17	55
-38	17	56
-38	17	57
-38	17	58
-40	17	59
-38	17	60
-40	17	61
-40	17	62
-40	17	63
-40	17	64
-40	17	65
-40	17	66
-40	17	67
-40	17	68
-40	17	69
-40	17	70
-40	17	71
-40	17	72
-40	17	73
-40	17	74
-40	17	75
-40	17	76
-40	17	77
-40	17	78
-40	17	79
-40	17	80
-40	17	81
-40	17	82
-40	17	83
-40	17	84
-40	17	85
-40	17	86
-40	17	87
-40	17	88
-40	17	89
-40	17	90
-40	17	91
-40	17	92
-40	18	0
-40	18	1
-40	18	2
-40	18	3
-40	18	4
-40	18	5
-40	18	6
-40	18	7
-40	18	8
-40	18	9
-40	18	10
-40	18	11
-40	18	12
-40	18	13
-40	18	14
-40	18	15
-40	18	16
-40	18	17
-40	18	18
-40	18	19
-40	18	20
-40	18	21
-40	18	22
-40	18	23
-40	18	24
-40	18	25
-40	18	26
-40	18	27
-40	18	28
-40	18	29
-40	18	30
-40	18	31
-40	18	32
-40	18	33
-40	18	34
-40	18	35
-40	18	36
-40	18	37
-40	18	38
-40	18	39
-40	18	40
-40	18	41
-40	18	42
-40	18	43
-40	18	44
-40	18	45
-40	18	46
-40	18	47
-40	18	48
-40	18	49
-40	18	50
-40	18	51
-40	18	52
-40	18	53
-38	18	54
-40	18	55
-40	18	56
-40	18	57
-38	18	58
-40	18	59
-40	18	60
-40	18	61
-40	18	62
-40	18	63
-40	18	64
-40	18	65
-40	18	66
-40	18	67
-40	18	68
-40	18	69
-40	18	70
-40	18	71
-40	18	72
-40	18	73
-40	18	74
-40	18	75
-40	18	76
-40	18	77
-40	18	78
-40	18	79
-38	18	80
-40	18	81
-38	18	82
-40	18	83
-40	18	84
-40	18	85
-40	18	86
-40	18	87
-40	18	88
-40	18	89
-40	18	90
-40	18	91
-40	18	92
-40	19	0
-40	19	1
-40	19	2
-40	19	3
-40	19	4
-40	19	5
-40	19	6
-40	19	7
-40	19	8
-40	19	9
-40	19	10
-40	19	11
-40	19	12
-40	19	13
-40	19	14
-40	19	15
-40	19	16
-40	19	17
-40	19	18
-40	19	19
-40	19	20
-40	19	21
-40	19	22
-40	19	23
-40	19	24
-40	19	25
-40	19	26
-40	19	27
-40	19	28
-40	19	29
-40	19	30
-40	19	31
-40	19	32
-40	19	33
-40	19	34
-40	19	35
-40	19	36
-40	19	37
-40	19	38
-40	19	39
-40	19	40
-40	19	41
-40	19	42
-40	19	43
-40	19	44
-40	19	45
-40	19	46
-40	19	47
-40	19	48
-40	19	49
-40	19	50
-40	19	51
-38	19	52
-40	19	53
-40	19	54
-40	19	55
-40	19	56
-40	19	57
-40	19	58
-40	19	59
-40	19	60
-40	19	61
-40	19	62
-40	19	63
-40	19	64
-40	19	65
-40	19	66
-40	19	67
-40	19	68
-40	19	69
-40	19	70
-40	19	71
-40	19	72
-40	19	73
-40	19	74
-40	19	75
-40	19	76
-40	19	77
-40	19	78
-40	19	79
-40	19	80
-40	19	81
-38	19	82
-40	19	83
-38	19	84
-38	19	85
-40	19	86
-40	19	87
-40	19	88
-40	19	89
-40	19	90
-40	19	91
-40	19	92
-40	20	0
-40	20	1
-40	20	2
-40	20	3
-40	20	4
-40	20	5
-40	20	6
-40	20	7
-40	20	8
-40	20	9
-40	20	10
-40	20	11
-40	20	12
-40	20	13
-40	20	14
-40	20	15
-40	20	16
-40	20	17
-40	20	18
-40	20	19
-40	20	20
-40	20	21
-40	20	22
-40	20	23
-40	20	24
-40	20	25
-40	20	26
-40	20	27
-40	20	28
-40	20	29
-40	20	30
-40	20	31
-40	20	32
-40	20	33
-40	20	34
-40	20	35
-40	20	36
-40	20	37
-40	20	38
-40	20	39
-40	20	40
-40	20	41
-40	20	42
-40	20	43
-40	20	44
-40	20	45
-40	20	46
-40	20	47
-40	20	48
-40	20	49
-40	20	50
-40	20	51
-40	20	52
-40	20	53
-40	20	54
-40	20	55
-40	20	56
-40	20	57
-40	20	58
-40	20	59
-40	20	60
-40	20	61
-40	20	62
-40	20	63
-40	20	64
-40	20	65
-40	20	66
-40	20	67
-40	20	68
-40	20	69
-40	20	70
-40	20	71
-40	20	72
-40	20	73
-40	20	74
-40	20	75
-40	20	76
-40	20	77
-40	20	78
-40	20	79
-40	20	80
-40	20	81
-38	20	82
-40	20	83
-40	20	84
-40	20	85
-38	20	86
-40	20	87
-40	20	88
-40	20	89
-40	20	90
-40	20	91
-40	20	92
-40	21	0
-40	21	1
-40	21	2
-40	21	3
-40	21	4
-40	21	5
-40	21	6
-40	21	7
-40	21	8
-40	21	9
-40	21	10
-40	21	11
-40	21	12
-40	21	13
-40	21	14
-40	21	15
-40	21	16
-40	21	17
-40	21	18
-38	21	19
-40	21	20
-38	21	21
-40	21	22
-40	21	23
-40	21	24
-40	21	25
-40	21	26
-40	21	27
-40	21	28
-40	21	29
-40	21	30
-40	21	31
-40	21	32
-40	21	33
-40	21	34
-40	21	35
-40	21	36
-40	21	37
-40	21	38
-40	21	39
-40	21	40
-40	21	41
-40	21	42
-40	21	43
-40	21	44
-40	21	45
-40	21	46
-40	21	47
-40	21	48
-40	21	49
-40	21	50
-40	21	51
-40	21	52
-40	21	53
-40	21	54
-40	21	55
-40	21	56
-40	21	57
-40	21	58
-40	21	59
-40	21	60
-40	21	61
-40	21	62
-40	21	63
-40	21	64
-40	21	65
-40	21	66
-40	21	67
-40	21	68
-40	21	69
-40	21	70
-40	21	71
-40	21	72
-40	21	73
-40	21	74
-40	21	75
-40	21	76
-40	21	77
-40	21	78
-40	21	79
-38	21	80
-40	21	81
-40	21	82
-40	21	83
-40	21	84
-40	21	85
-40	21	86
-40	21	87
-40	21	88
-40	21	89
-40	21	90
-40	21	91
-40	21	92
-40	22	0
-40	22	1
-40	22	2
-40	22	3
-40	22	4
-40	22	5
-40	22	6
-40	22	7
-40	22	8
-40	22	9
-40	22	10
-40	22	11
-40	22	12
-40	22	13
-40	22	14
-40	22	15
-40	22	16
-40	22	17
-40	22	18
-40	22	19
-40	22	20
-38	22	21
-40	22	22
-38	22	23
-38	22	24
-40	22	25
-40	22	26
-40	22	27
-40	22	28
-40	22	29
-40	22	30
-40	22	31
-40	22	32
-40	22	33
-40	22	34
-40	22	35
-40	22	36
-40	22	37
-40	22	38
-40	22	39
-40	22	40
-40	22	41
-40	22	42
-40	22	43
-40	22	44
-40	22	45
-40	22	46
-40	22	47
-40	22	48
-40	22	49
-40	22	50
-40	22	51
-40	22	52
-40	22	53
-40	22	54
-40	22	55
-40	22	56
-40	22	57
-40	22	58
-40	22	59
-40	22	60
-40	22	61
-40	22	62
-40	22	63
-40	22	64
-40	22	65
-40	22	66
-40	22	67
-40	22	68
-40	22	69
-40	22	70
-40	22	71
-40	22	72
-40	22	73
-40	22	74
-40	22	75
-40	22	76
-40	22	77
-40	22	78
-40	22	79
-40	22	80
-40	22	81
-40	22	82
-40	22	83
-40	22	84
-40	22	85
-40	22	86
-40	22	87
-40	22	88
-40	22	89
-40	22	90
-40	22	91
-40	22	92
-40	23	0
-40	23	1
-40	23	2
-40	23	3
-40	23	4
-40	23	5
-40	23	6
-40	23	7
-40	23	8
-40	23	9
-40	23	10
-40	23	11
-40	23	12
-40	23	13
-40	23	14
-40	23	15
-40	23	16
-40	23	17
-40	23	18
-40	23	19
-40	23	20
-38	23	21
-40	23	22
-40	23	23
-40	23	24
-38	23	25
-40	23	26
-40	23	27
-40	23	28
-40	23	29
-40	23	30
-40	23	31
-40	23	32
-40	23	33
-40	23	34
-40	23	35
-40	23	36
-40	23	37
-40	23	38
-40	23	39
-40	23	40
-40	23	41
-40	23	42
-40	23	43
-40	23	44
-40	23	45
-40	23	46
-40	23	47
-40	23	48
-40	23	49
-40	23	50
-40	23	51
-40	23	52
-40	23	53
-40	23	54
-40	23	55
-40	23	56
-40	23	57
-40	23	58
-40	23	59
-38	23	60
-38	23	61
-38	23	62
-38	23	63
-38	23	64
-38	23	65
-38	23	66
-40	23	67
-40	23	68
-40	23	69
-40	23	70
-40	23	71
-40	23	72
-40	23	73
-40	23	74
-40	23	75
-40	23	76
-40	23	77
-40	23	78
-40	23	79
-40	23	80
-40	23	81
-40	23	82
-40	23	83
-40	23	84
-40	23	85
-40	23	86
-40	23	87
-40	23	88
-40	23	89
-40	23	90
-40	23	91
-40	23	92
-40	24	0
-40	24	1
-40	24	2
-40	24	3
-40	24	4
-40	24	5
-40	24	6
-40	24	7
-40	24	8
-40	24	9
-40	24	10
-40	24	11
-40	24	12
-40	24	13
-40	24	14
-40	24	15
-40	24	16
-40	24	17
-40	24	18
-38	24	19
-40	24	20
-40	24	21
-40	24	22
-40	24	23
-40	24	24
-40	24	25
-40	24	26
-40	24	27
-40	24	28
-40	24	29
-40	24	30
-40	24	31
-40	24	32
-40	24	33
-40	24	34
-40	24	35
-40	24	36
-40	24	37
-40	24	38
-40	24	39
-40	24	40
-40	24	41
-40	24	42
-40	24	43
-40	24	44
-40	24	45
-40	24	46
-40	24	47
-40	24	48
-40	24	49
-40	24	50
-40	24	51
-40	24	52
-40	24	53
-40	24	54
-40	24	55
-40	24	56
-40	24	57
-40	24	58
-40	24	59
-38	24	60
-38	24	61
-38	24	62
-38	24	63
-38	24	64
-38	24	65
-40	24	66
-40	24	67
-40	24	68
-40	24	69
-40	24	70
-40	24	71
-40	24	72
-40	24	73
-40	24	74
-40	24	75
-40	24	76
-40	24	77
-40	24	78
-40	24	79
-40	24	80
-40	24	81
-40	24	82
-40	24	83
-40	24	84
-40	24	85
-40	24	86
-40	24	87
-40	24	88
-40	24	89
-40	24	90
-40	24	91
-40	24	92
-40	25	0
-40	25	1
-40	25	2
-40	25	3
-40	25	4
-40	25	5
-40	25	6
-40	25	7
-40	25	8
-40	25	9
-40	25	10
-40	25	11
-40	25	12
-40	25	13
-40	25	14
-40	25	15
-40	25	16
-40	25	17
-40	25	18
-40	25	19
-40	25	20
-40	25	21
-40	25	22
-40	25	23
-40	25	24
-40	25	25
-40	25	26
-40	25	27
-40	25	28
-40	25	29
-40	25	30
-40	25	31
-40	25	32
-40	25	33
-40	25	34
-40	25	35
-40	25	36
-40	25	37
-40	25	38
-40	25	39
-40	25	40
-40	25	41
-40	25	42
-40	25	43
-40	25	44
-40	25	45
-40	25	46
-40	25	47
-40	25	48
-40	25	49
-40	25	50
-40	25	51
-40	25	52
-40	25	53
-40	25	54
-40	25	55
-40	25	56
-40	25	57
-40	25	58
-40	25	59
-40	25	60
-40	25	61
-38	25	62
-40	25	63
-40	25	64
-40	25	65
-38	25	66
-40	25	67
-40	25	68
-40	25	69
-40	25	70
-40	25	71
-40	25	72
-40	25	73
-40	25	74
-40	25	75
-40	25	76
-40	25	77
-40	25	78
-40	25	79
-40	25	80
-40	25	81
-40	25	82
-40	25	83
-40	25	84
-40	25	85
-40	25	86
-40	25	87
-40	25	88
-40	25	89
-40	25	90
-40	25	91
-40	25	92
-40	26	0
-40	26	1
-40	26	2
-40	26	3
-40	26	4
-40	26	5
-40	26	6
-40	26	7
-40	26	8
-40	26	9
-40	26	10
-40	26	11
-40	26	12
-40	26	13
-40	26	14
-40	26	15
-40	26	16
-40	26	17
-40	26	18
-40	26	19
-40	26	20
-40	26	21
-40	26	22
-40	26	23
-40	26	24
-40	26	25
-40	26	26
-40	26	27
-40	26	28
-40	26	29
-40	26	30
-40	26	31
-40	26	32
-40	26	33
-40	26	34
-40	26	35
-40	26	36
-40	26	37
-40	26	38
-40	26	39
-40	26	40
-40	26	41
-40	26	42
-40	26	43
-40	26	44
-40	26	45
-40	26	46
-40	26	47
-40	26	48
-40	26	49
-40	26	50
-40	26	51
-40	26	52
-40	26	53
-40	26	54
-40	26	55
-40	26	56
-40	26	57
-40	26	58
-40	26	59
-38	26	60
-40	26	61
-40	26	62
-40	26	63
-40	26	64
-40	26	65
-40	26	66
-40	26	67
-40	26	68
-40	26	69
-40	26	70
-40	26	71
-40	26	72
-40	26	73
-40	26	74
-40	26	75
-40	26	76
-40	26	77
-40	26	78
-40	26	79
-40	26	80
-40	26	81
-40	26	82
-40	26	83
-40	26	84
-40	26	85
-40	26	86
-40	26	87
-40	26	88
-40	26	89
-40	26	90
-40	26	91
-40	26	92
-40	27	0
-40	27	1
-40	27	2
-40	27	3
-40	27	4
-40	27	5
-40	27	6
-40	27	7
-40	27	8
-40	27	9
-40	27	10
-40	27	11
-40	27	12
-40	27	13
-40	27	14
-40	27	15
-40	27	16
-40	27	17
-40	27	18
-40	27	19
-40	27	20
-40	27	21
-40	27	22
-40	27	23
-40	27	24
-40	27	25
-40	27	26
-40	27	27
-40	27	28
-40	27	29
-40	27	30
-40	27	31
-40	27	32
-40	27	33
-40	27	34
-40	27	35
-40	27	36
-40	27	37
-40	27	38
-40	27	39
-40	27	40
-40	27	41
-40	27	42
-40	27	43
-40	27	44
-40	27	45
-40	27	46
-40	27	47
-40	27	48
-40	27	49
-40	27	50
-40	27	51
-40	27	52
-40	27	53
-40	27	54
-40	27	55
-40	27	56
-40	27	57
-40	27	58
-40	27	59
-40	27	60
-40	27	61
-40	27	62
-40	27	63
-40	27	64
-40	27	65
-40	27	66
-40	27	67
-40	27	68
-40	27	69
-40	27	70
-40	27	71
-40	27	72
-40	27	73
-40	27	74
-40	27	75
-40	27	76
-40	27	77
-40	27	78
-40	27	79
-40	27	80
-40	27	81
-40	27	82
-40	27	83
-40	27	84
-40	27	85
-40	27	86
-40	27	87
-40	27	88
-40	27	89
-40	27	90
-40	27	91
-40	27	92
-40	28	0
-40	28	1
-40	28	2
-40	28	3
-40	28	4
-40	28	5
-40	28	6
-40	28	7
-40	28	8
-40	28	9
-40	28	10
-40	28	11
-40	28	12
-40	28	13
-40	28	14
-40	28	15
-40	28	16
-40	28	17
-40	28	18
-40	28	19
-40	28	20
-40	28	21
-40	28	22
-40	28	23
-40	28	24
-40	28	25
-40	28	26
-40	28	27
-40	28	28
-40	28	29
-40	28	30
-40	28	31
-40	28	32
-40	28	33
-40	28	34
-40	28	35
-40	28	36
-40	28	37
-40	28	38
-40	28	39
-40	28	40
-40	28	41
-40	28	42
-40	28	43
-40	28	44
-40	28	45
-40	28	46
-40	28	47
-40	28	48
-40	28	49
-40	28	50
-40	28	51
-40	28	52
-40	28	53
-40	28	54
-40	28	55
-40	28	56
-40	28	57
-40	28	58
-40	28	59
-40	28	60
-40	28	61
-40	28	62
-40	28	63
-40	28	64
-40	28	65
-40	28	66
-40	28	67
-40	28	68
-40	28	69
-40	28	70
-40	28	71
-40	28	72
-40	28	73
-40	28	74
-40	28	75
-40	28	76
-40	28	77
-40	28	78
-40	28	79
-40	28	80
-40	28	81
-40	28	82
-40	28	83
-40	28	84
-40	28	85
-40	28	86
-40	28	87
-40	28	88
-40	28	89
-40	28	90
-40	28	91
-40	28	92
-40	29	0
-40	29	1
-40	29	2
-40	29	3
-40	29	4
-40	29	5
-40	29	6
-40	29	7
-40	29	8
-40	29	9
-40	29	10
-40	29	11
-40	29	12
-40	29	13
-40	29	14
-40	29	15
-40	29	16
-40	29	17
-40	29	18
-40	29	19
-40	29	20
-40	29	21
-40	29	22
-40	29	23
-40	29	24
-40	29	25
-40	29	26
-40	29	27
-40	29	28
-40	29	29
-40	29	30
-40	29	31
-40	29	32
-40	29	33
-40	29	34
-40	29	35
-40	29	36
-40	29	37
-40	29	38
-40	29	39
-40	29	40
-40	29	41
-40	29	42
-40	29	43
-40	29	44
-40	29	45
-40	29	46
-40	29	47
-40	29	48
-40	29	49
-40	29	50
-40	29	51
-40	29	52
-40	29	53
-40	29	54
-40	29	55
-40	29	56
-40	29	57
-40	29	58
-40	29	59
-40	29	60
-40	29	61
-40	29	62
-40	29	63
-40	29	64
-40	29	65
-40	29	66
-40	29	67
-40	29	68
-40	29	69
-40	29	70
-40	29	71
-40	29	72
-40	29	73
-40	29	74
-40	29	75
-40	29	76
-40	29	77
-40	29	78
-40	29	79
-40	29	80
-40	29	81
-40	29	82
-40	29	83
-40	29	84
-40	29	85
-40	29	86
-40	29	87
-40	29	88
-40	29	89
-40	29	90
-40	29	91
-40	29	92
-40	30	0
-40	30	1
-40	30	2
-40	30	3
-40	30	4
-40	30	5
-40	30	6
-40	30	7
-40	30	8
-40	30	9
-40	30	10
-40	30	11
-40	30	12
-38	30	13
-40	30	14
-40	30	15
-40	30	16
-40	30	17
-40	30	18
-40	30	19
-40	30	20
-40	30	21
-40	30	22
-40	30	23
-40	30	24
-40	30	25
-40	30	26
-40	30	27
-40	30	28
-40	30	29
-40	30	30
-40	30	31
-40	30	32
-40	30	33
-40	30	34
-40	30	35
-40	30	36
-40	30	37
-40	30	38
-40	30	39
-40	30	40
-40	30	41
-40	30	42
-40	30	43
-40	30	44
-40	30	45
-40	30	46
-40	30	47
-40	30	48
-40	30	49
-40	30	50
-40	30	51
-40	30	52
-40	30	53
-40	30	54
-40	30	55
-40	30	56
-40	30	57
-40	30	58
-40	30	59
-40	30	60
-40	30	61
-40	30	62
-40	30	63
-40	30	64
-40	30	65
-40	30	66
-40	30	67
-40	30	68
-40	30	69
-40	30	70
-40	30	71
-40	30	72
-40	30	73
-40	30	74
-40	30	75
-40	30	76
-40	30	77
-40	30	78
-40	30	79
-40	30	80
-40	30	81
-40	30	82
-40	30	83
-40	30	84
-40	30	85
-40	30	86
-40	30	87
-40	30	88
-40	30	89
-40	30	90
-40	30	91
-40	30	92
-40	31	0
-40	31	1
-40	31	2
-40	31	3
-40	31	4
-40	31	5
-40	31	6
-40	31	7
-38	31	8
-40	31	9
-40	31	10
-40	31	11
-40	31	12
-40	31	13
-40	31	14
-40	31	15
-40	31	16
-40	31	17
-40	31	18
-40	31	19
-40	31	20
-40	31	21
-40	31	22
-40	31	23
-40	31	24
-40	31	25
-40	31	26
-40	31	27
-40	31	28
-40	31	29
-40	31	30
-40	31	31
-40	31	32
-40	31	33
-40	31	34
-40	31	35
-40	31	36
-40	31	37
-40	31	38
-40	31	39
-40	31	40
-40	31	41
-40	31	42
-40	31	43
-40	31	44
-40	31	45
-40	31	46
-40	31	47
-40	31	48
-40	31	49
-40	31	50
-40	31	51
-40	31	52
-40	31	53
-40	31	54
-40	31	55
-40	31	56
-40	31	57
-40	31	58
-40	31	59
-40	31	60
-40	31	61
-40	31	62
-40	31	63
-40	31	64
-40	31	65
-40	31	66
-40	31	67
-40	31	68
-40	31	69
-40	31	70
-40	31	71
-40	31	72
-40	31	73
-40	31	74
-40	31	75
-40	31	76
-40	31	77
-40	31	78
-40	31	79
-40	31	80
-40	31	81
-40	31	82
-40	31	83
-40	31	84
-40	31	85
-40	31	86
-40	31	87
-40	31	88
-40	31	89
-40	31	90
-40	31	91
-40	31	92
-40	32	0
-40	32	1
-40	32	2
-40	32	3
-40	32	4
-40	32	5
-38	32	6
-40	32	7
-38	32	8
-40	32	9
-40	32	10
-40	32	11
-38	32	12
-40	32	13
-40	32	14
-40	32	15
-40	32	16
-40	32	17
-40	32	18
-40	32	19
-40	32	20
-40	32	21
-40	32	22
-40	32	23
-40	32	24
-40	32	25
-40	32	26
-40	32	27
-40	32	28
-40	32	29
-40	32	30
-40	32	31
-40	32	32
-40	32	33
-40	32	34
-40	32	35
-40	32	36
-40	32	37
-40	32	38
-40	32	39
-40	32	40
-40	32	41
-40	32	42
-40	32	43
-40	32	44
-40	32	45
-40	32	46
-40	32	47
-40	32	48
-40	32	49
-40	32	50
-40	32	51
-40	32	52
-40	32	53
-40	32	54
-40	32	55
-40	32	56
-40	32	57
-40	32	58
-40	32	59
-40	32	60
-40	32	61
-40	32	62
-40	32	63
-40	32	64
-40	32	65
-40	32	66
-40	32	67
-40	32	68
-40	32	69
-40	32	70
-40	32	71
-40	32	72
-40	32	73
-40	32	74
-40	32	75
-40	32	76
-40	32	77
-40	32	78
-40	32	79
-40	32	80
-40	32	81
-40	32	82
-40	32	83
-40	32	84
-40	32	85
-40	32	86
-40	32	87
-40	32	88
-40	32	89
-40	32	90
-40	32	91
-40	32	92
-40	33	0
-40	33	1
-40	33	2
-40	33	3
-40	33	4
-40	33	5
-38	33	6
-40	33	7
-38	33	8
-38	33	9
-38	33	10
-38	33	11
-38	33	12
-40	33	13
-38	33	14
-40	33	15
-40	33	16
-40	33	17
-40	33	18
-40	33	19
-40	33	20
-40	33	21
-40	33	22
-40	33	23
-40	33	24
-40	33	25
-40	33	26
-40	33	27
-40	33	28
-40	33	29
-40	33	30
-40	33	31
-40	33	32
-40	33	33
-40	33	34
-40	33	35
-40	33	36
-40	33	37
-40	33	38
-40	33	39
-40	33	40
-40	33	41
-40	33	42
-40	33	43
-40	33	44
-40	33	45
-40	33	46
-40	33	47
-40	33	48
-40	33	49
-40	33	50
-40	33	51
-40	33	52
-40	33	53
-40	33	54
-40	33	55
-40	33	56
-40	33	57
-40	33	58
-40	33	59
-40	33	60
-40	33	61
-40	33	62
-40	33	63
-40	33	64
-40	33	65
-40	33	66
-40	33	67
-40	33	68
-40	33	69
-40	33	70
-38	33	71
-40	33	72
-38	33	73
-40	33	74
-40	33	75
-40	33	76
-40	33	77
-40	33	78
-40	33	79
-40	33	80
-40	33	81
-40	33	82
-40	33	83
-40	33	84
-40	33	85
-40	33	86
-40	33	87
-40	33	88
-40	33	89
-40	33	90
-40	33	91
-40	33	92
-40	34	0
-40	34	1
-40	34	2
-40	34	3
-40	34	4
-40	34	5
-40	34	6
-40	34	7
-38	34	8
-40	34	9
-40	34	10
-40	34	11
-38	34	12
-40	34	13
-40	34	14
-40	34	15
-40	34	16
-40	34	17
-40	34	18
-40	34	19
-40	34	20
-40	34	21
-40	34	22
-40	34	23
-40	34	24
-40	34	25
-40	34	26
-40	34	27
-40	34	28
-40	34	29
-40	34	30
-40	34	31
-40	34	32
-40	34	33
-40	34	34
-40	34	35
-40	34	36
-40	34	37
-40	34	38
-40	34	39
-40	34	40
-40	34	41
-40	34	42
-40	34	43
-40	34	44
-40	34	45
-40	34	46
-40	34	47
-40	34	48
-40	34	49
-40	34	50
-40	34	51
-40	34	52
-38	34	53
-40	34	54
-38	34	55
-40	34	56
-40	34	57
-40	34	58
-40	34	59
-40	34	60
-40	34	61
-40	34	62
-40	34	63
-40	34	64
-40	34	65
-40	34	66
-40	34	67
-40	34	68
-40	34	69
-40	34	70
-40	34	71
-40	34	72
-38	34	73
-40	34	74
-38	34	75
-38	34	76
-40	34	77
-40	34	78
-40	34	79
-40	34	80
-40	34	81
-40	34	82
-40	34	83
-40	34	84
-40	34	85
-40	34	86
-40	34	87
-40	34	88
-40	34	89
-40	34	90
-40	34	91
-40	34	92
-40	35	0
-40	35	1
-40	35	2
-40	35	3
-40	35	4
-40	35	5
-38	35	6
-40	35	7
-40	35	8
-40	35	9
-40	35	10
-40	35	11
-40	35	12
-40	35	13
-40	35	14
-40	35	15
-40	35	16
-40	35	17
-40	35	18
-40	35	19
-40	35	20
-40	35	21
-40	35	22
-40	35	23
-40	35	24
-40	35	25
-40	35	26
-40	35	27
-40	35	28
-40	35	29
-40	35	30
-40	35	31
-40	35	32
-40	35	33
-40	35	34
-40	35	35
-40	35	36
-40	35	37
-40	35	38
-40	35	39
-40	35	40
-40	35	41
-40	35	42
-40	35	43
-40	35	44
-40	35	45
-40	35	46
-40	35	47
-40	35	48
-40	35	49
-40	35	50
-40	35	51
-40	35	52
-40	35	53
-40	35	54
-38	35	55
-40	35	56
-38	35	57
-38	35	58
-40	35	59
-40	35	60
-40	35	61
-40	35	62
-40	35	63
-40	35	64
-40	35	65
-40	35	66
-40	35	67
-40	35	68
-40	35	69
-40	35	70
-40	35	71
-40	35	72
-38	35	73
-40	35	74
-40	35	75
-40	35	76
-38	35	77
-40	35	78
-40	35	79
-40	35	80
-40	35	81
-40	35	82
-40	35	83
-40	35	84
-40	35	85
-40	35	86
-40	35	87
-40	35	88
-40	35	89
-40	35	90
-40	35	91
-40	35	92
-40	36	0
-40	36	1
-40	36	2
-40	36	3
-40	36	4
-40	36	5
-40	36	6
-40	36	7
-40	36	8
-40	36	9
-40	36	10
-40	36	11
-40	36	12
-40	36	13
-40	36	14
-40	36	15
-40	36	16
-40	36	17
-40	36	18
-40	36	19
-40	36	20
-40	36	21
-40	36	22
-40	36	23
-40	36	24
-40	36	25
-40	36	26
-40	36	27
-40	36	28
-40	36	29
-40	36	30
-40	36	31
-40	36	32
-40	36	33
-40	36	34
-40	36	35
-40	36	36
-40	36	37
-40	36	38
-40	36	39
-38	36	40
-40	36	41
-40	36	42
-40	36	43
-40	36	44
-40	36	45
-40	36	46
-40	36	47
-40	36	48
-40	36	49
-40	36	50
-40	36	51
-40	36	52
-40	36	53
-40	36	54
-38	36	55
-40	36	56
-40	36	57
-40	36	58
-38	36	59
-40	36	60
-40	36	61
-40	36	62
-40	36	63
-40	36	64
-40	36	65
-40	36	66
-40	36	67
-40	36	68
-40	36	69
-40	36	70
-38	36	71
-40	36	72
-40	36	73
-40	36	74
-40	36	75
-40	36	76
-40	36	77
-40	36	78
-40	36	79
-40	36	80
-40	36	81
-40	36	82
-40	36	83
-40	36	84
-40	36	85
-40	36	86
-40	36	87
-40	36	88
-40	36	89
-40	36	90
-40	36	91
-40	36	92
-40	37	0
-40	37	1
-40	37	2
-40	37	3
-40	37	4
-40	37	5
-40	37	6
-40	37	7
-40	37	8
-40	37	9
-40	37	10
-40	37	11
-40	37	12
-40	37	13
-40	37	14
-40	37	15
-40	37	16
-40	37	17
-40	37	18
-40	37	19
-40	37	20
-40	37	21
-40	37	22
-40	37	23
-40	37	24
-40	37	25
-40	37	26
-40	37	27
-40	37	28
-40	37	29
-40	37	30
-40	37	31
-40	37	32
-40	37	33
-40	37	34
-38	37	35
-40	37	36
-40	37	37
-40	37	38
-40	37	39
-40	37	40
-40	37	41
-40	37	42
-40	37	43
-40	37	44
-40	37	45
-40	37	46
-40	37	47
-40	37	48
-40	37	49
-40	37	50
-40	37	51
-40	37	52
-38	37	53
-40	37	54
-40	37	55
-40	37	56
-40	37	57
-40	37	58
-40	37	59
-40	37	60
-40	37	61
-40	37	62
-40	37	63
-40	37	64
-40	37	65
-40	37	66
-40	37	67
-40	37	68
-40	37	69
-40	37	70
-40	37	71
-40	37	72
-40	37	73
-40	37	74
-40	37	75
-40	37	76
-40	37	77
-40	37	78
-40	37	79
-40	37	80
-40	37	81
-40	37	82
-40	37	83
-40	37	84
-40	37	85
-40	37	86
-40	37	87
-40	37	88
-40	37	89
-40	37	90
-40	37	91
-40	37	92
-40	38	0
-40	38	1
-40	38	2
-40	38	3
-40	38	4
-40	38	5
-40	38	6
-40	38	7
-40	38	8
-40	38	9
-40	38	10
-40	38	11
-40	38	12
-40	38	13
-40	38	14
-40	38	15
-40	38	16
-40	38	17
-40	38	18
-40	38	19
-40	38	20
-40	38	21
-40	38	22
-40	38	23
-40	38	24
-40	38	25
-40	38	26
-40	38	27
-40	38	28
-40	38	29
-40	38	30
-40	38	31
-40	38	32
-40	38	33
-40	38	34
-40	38	35
-40	38	36
-40	38	37
-40	38	38
-38	38	39
-40	38	40
-40	38	41
-40	38	42
-40	38	43
-40	38	44
-40	38	45
-40	38	46
-40	38	47
-40	38	48
-40	38	49
-40	38	50
-40	38	51
-40	38	52
-40	38	53
-40	38	54
-40	38	55
-40	38	56
-40	38	57
-40	38	58
-40	38	59
-40	38	60
-40	38	61
-40	38	62
-40	38	63
-40	38	64
-40	38	65
-40	38	66
-40	38	67
-40	38	68
-40	38	69
-40	38	70
-40	38	71
-40	38	72
-40	38	73
-40	38	74
-40	38	75
-40	38	76
-40	38	77
-40	38	78
-40	38	79
-40	38	80
-40	38	81
-40	38	82
-40	38	83
-40	38	84
-40	38	85
-40	38	86
-40	38	87
-40	38	88
-40	38	89
-40	38	90
-40	38	91
-40	38	92
-40	39	0
-40	39	1
-40	39	2
-40	39	3
-40	39	4
-40	39	5
-40	39	6
-40	39	7
-40	39	8
-40	39	9
-40	39	10
-40	39	11
-40	39	12
-40	39	13
-40	39	14
-40	39	15
-38	39	16
-38	39	17
-38	39	18
-38	39	19
-38	39	20
-38	39	21
-38	39	22
-38	39	23
-38	39	24
-40	39	25
-40	39	26
-40	39	27
-40	39	28
-40	39	29
-40	39	30
-40	39	31
-40	39	32
-38	39	33
-40	39	34
-40	39	35
-38	39	36
-40	39	37
-40	39	38
-38	39	39
-40	39	40
-38	39	41
-40	39	42
-40	39	43
-40	39	44
-40	39	45
-40	39	46
-40	39	47
-40	39	48
-40	39	49
-40	39	50
-40	39	51
-40	39	52
-40	39	53
-40	39	54
-40	39	55
-40	39	56
-40	39	57
-40	39	58
-40	39	59
-40	39	60
-40	39	61
-40	39	62
-40	39	63
-40	39	64
-40	39	65
-40	39	66
-40	39	67
-40	39	68
-40	39	69
-40	39	70
-40	39	71
-40	39	72
-40	39	73
-40	39	74
-40	39	75
-40	39	76
-40	39	77
-40	39	78
-40	39	79
-40	39	80
-40	39	81
-40	39	82
-40	39	83
-40	39	84
-40	39	85
-40	39	86
-40	39	87
-40	39	88
-40	39	89
-40	39	90
-40	39	91
-40	39	92
-40	40	0
-40	40	1
-40	40	2
-40	40	3
-40	40	4
-40	40	5
-40	40	6
-40	40	7
-40	40	8
-40	40	9
-40	40	10
-40	40	11
-40	40	12
-40	40	13
-40	40	14
-40	40	15
-38	40	16
-38	40	17
-38	40	18
-38	40	19
-36	40	20
-36	40	21
-36	40	22
-36	40	23
-38	40	24
-38	40	25
-40	40	26
-40	40	27
-40	40	28
-40	40	29
-40	40	30
-40	40	31
-40	40	32
-40	40	33
-40	40	34
-40	40	35
-40	40	36
-40	40	37
-40	40	38
-40	40	39
-40	40	40
-40	40	41
-40	40	42
-40	40	43
-40	40	44
-40	40	45
-40	40	46
-40	40	47
-40	40	48
-40	40	49
-40	40	50
-40	40	51
-40	40	52
-40	40	53
-40	40	54
-40	40	55
-40	40	56
-40	40	57
-40	40	58
-40	40	59
-40	40	60
-40	40	61
-40	40	62
-40	40	63
-40	40	64
-40	40	65
-40	40	66
-40	40	67
-40	40	68
-40	40	69
-40	40	70
-40	40	71
-40	40	72
-40	40	73
-40	40	74
-40	40	75
-40	40	76
-40	40	77
-40	40	78
-40	40	79
-40	40	80
-40	40	81
-40	40	82
-40	40	83
-40	40	84
-40	40	85
-40	40	86
-40	40	87
-40	40	88
-40	40	89
-40	40	90
-40	40	91
-40	40	92
-40	41	0
-40	41	1
-40	41	2
-40	41	3
-40	41	4
-40	41	5
-40	41	6
-40	41	7
-40	41	8
-40	41	9
-40	41	10
-40	41	11
-40	41	12
-40	41	13
-40	41	14
-38	41	15
-40	41	16
-40	41	17
-40	41	18
-40	41	19
-38	41	20
-38	41	21
-40	41	22
-40	41	23
-38	41	24
-38	41	25
-40	41	26
-38	41	27
-38	41	28
-40	41	29
-40	41	30
-40	41	31
-40	41	32
-40	41	33
-40	41	34
-40	41	35
-40	41	36
-40	41	37
-40	41	38
-40	41	39
-40	41	40
-40	41	41
-40	41	42
-40	41	43
-40	41	44
-40	41	45
-40	41	46
-40	41	47
-40	41	48
-40	41	49
-40	41	50
-40	41	51
-40	41	52
-40	41	53
-40	41	54
-40	41	55
-40	41	56
-40	41	57
-40	41	58
-40	41	59
-40	41	60
-40	41	61
-40	41	62
-40	41	63
-40	41	64
-40	41	65
-40	41	66
-40	41	67
-40	41	68
-40	41	69
-40	41	70
-40	41	71
-40	41	72
-40	41	73
-40	41	74
-40	41	75
-40	41	76
-40	41	77
-40	41	78
-40	41	79
-40	41	80
-40	41	81
-40	41	82
-40	41	83
-40	41	84
-40	41	85
-40	41	86
-40	41	87
-40	41	88
-40	41	89
-40	41	90
-40	41	91
-40	41	92

Best result and coordinate for block-b and news
S	N	M
------------------
-36	40	20


Starting alignment for news-2 and block-b
File news-2 was read successfully
Finished alignment with 3822 sequences
S	N	M
------------------
-40	0	0
-40	0	1
-40	0	2
-40	0	3
-40	0	4
-40	0	5
-40	0	6
-40	0	7
-40	0	8
-40	0	9
-40	0	10
-40	0	11
-40	0	12
-40	0	13
-40	0	14
-40	0	15
-38	0	16
-38	0	17
-38	0	18
-38	0	19
-38	0	20
-38	0	21
-38	0	22
-38	0	23
-38	0	24
-38	0	25
-40	0	26
-40	0	27
-40	0	28
-40	0	29
-40	0	30
-40	0	31
-40	0	32
-40	0	33
-40	0	34
-40	0	35
-40	0	36
-40	0	37
-40	0	38
-40	0	39
-40	0	40
-40	0	41
-40	0	42
-40	0	43
-40	0	44
-40	0	45
-40	0	46
-40	0	47
-40	0	48
-40	0	49
-40	0	50
-40	0	51
-40	0	52
-40	0	53
-40	0	54
-40	0	55
-40	0	56
-40	0	57
-40	0	58
-40	0	59
-40	0	60
-40	0	61
-40	0	62
-40	0	63
-40	0	64
-40	0	65
-40	0	66
-40	0	67
-40	0	68
-40	0	69
-40	0	70
-40	0	71
-40	0	72
-40	0	73
-40	0	74
-40	0	75
-40	0	76
-40	0	77
-40	0	78
-40	0	79
-40	0	80
-40	0	81
-40	0	82
-40	0	83
-40	0	84
-40	0	85
-40	0	86
-40	0	87
-40	0	88
-40	0	89
-40	0	90
-40	1	0
-40	1	1
-40	1	2
-40	1	3
-40	1	4
-40	1	5
-40	1	6
-40	1	7
-40	1	8
-40	1	9
-40	1	10
-40	1	11
-40	1	12
-40	1	13
-40	1	14
-40	1	15
-38	1	16
-38	1	17
-38	1	18
-38	1	19
-38	1	20
-38	1	21
-38	1	22
-38	1	23
-38	1	24
-38	1	25
-40	1	26
-40	1	27
-40	1	28
-40	1	29
-40	1	30
-40	1	31
-40	1	32
-40	1	33
-40	1	34
-40	1	35
-40	1	36
-40	1	37
-40	1	38
-40	1	39
-40	1	40
-40	1	41
-40	1	42
-40	1	43
-40	1	44
-40	1	45
-40	1	46
-40	1	47
-40	1	48
-40	1	49
-40	1	50
-40	1	51
-40	1	52
-40	1	53
-40	1	54
-40	1	55
-40	1	56
-40	1	57
-40	1	58
-40	1	59
-40	1	60
-40	1	61
-40	1	62
-40	1	63
-40	1	64
-40	1	65
-40	1	66
-40	1	67
-40	1	68
-40	1	69
-40	1	70
-40	1	71
-40	1	72
-40	1	73
-40	1	74
-40	1	75
-40	1	76
-40	1	77
-40	1	78
-40	1	79
-40	1	80
-40	1	81
-40	1	82
-40	1	83
-40	1	84
-40	1	85
-40	1	86
-40	1	87
-40	1	88
-40	1	89
-40	1	90
-40	2	0
-40	2	1
-40	2	2
-40	2	3
-40	2	4
-40	2	5
-40	2	6
-40	2	7
-40	2	8
-40	2	9
-40	2	10
-40	2	11
-40	2	12
-40	2	13
-40	2	14
-40	2	15
-38	2	16
-38	2	17
-38	2	18
-38	2	19
-38	2	20
-38	2	21
-38	2	22
-38	2	23
-38	2	24
-38	2	25
-40	2	26
-40	2	27
-40	2	28
-40	2	29
-40	2	30
-40	2	31
-40	2	32
-40	2	33
-40	2	34
-40	2	35
-40	2	36
-40	2	37
-40	2	38
-40	2	39
-40	2	40
-40	2	41
-40	2	42
-40	2	43
-40	2	44
-40	2	45
-40	2	46
-40	2	47
-40	2	48
-40	2	49
-40	2	50
-40	2	51
-40	2	52
-40	2	53
-40	2	54
-40	2	55
-40	2	56
-40	2	57
-40	2	58
-40	2	59
-40	2	60
-40	2	61
-40	2	62
-40	2	63
-40	2	64
-40	2	65
-40	2	66
-40	2	67
-40	2	68
-40	2	69
-40	2	70
-40	2	71
-40	2	72
-40	2	73
-40	2	74
-40	2	75
-40	2	76
-40	2	77
-40	2	78
-40	2	79
-38	2	80
-40	2	81
-40	2	82
-40	2	83
-40	2	84
-40	2	85
-40	2	86
-40	2	87
-40	2	88
-40	2	89
-40	2	90
-40	3	0
-40	3	1
-40	3	2
-40	3	3
-40	3	4
-40	3	5
-40	3	6
-40	3	7
-40	3	8
-40	3	9
-40	3	10
-40	3	11
-40	3	12
-40	3	13
-40	3	14
-40	3	15
-40	3	16
-40	3	17
-40	3	18
-38	3	19
-40	3	20
-40	3	21
-40	3	22
-40	3	23
-40	3	24
-40	3	25
-40	3	26
-40	3	27
-40	3	28
-40	3	29
-40	3	30
-40	3	31
-40	3	32
-40	3	33
-40	3	34
-40	3	35
-40	3	36
-40	3	37
-40	3	38
-40	3	39
-40	3	40
-40	3	41
-40	3	42
-40	3	43
-40	3	44
-40	3	45
-40	3	46
-40	3	47
-40	3	48
-40	3	49
-40	3	50
-40	3	51
-40	3	52
-40	3	53
-40	3	54
-40	3	55
-40	3	56
-40	3	57
-40	3	58
-40	3	59
-40	3	60
-40	3	61
-40	3	62
-40	3	63
-40	3	64
-40	3	65
-40	3	66
-40	3	67
-40	3	68
-40	3	69
-40	3	70
-40	3	71
-40	3	72
-40	3	73
-40	3	74
-38	3	75
-38	3	76
-40	3	77
-40	3	78
-40	3	79
-40	3	80
-40	3	81
-40	3	82
-40	3	83
-40	3	84
-40	3	85
-40	3	86
-40	3	87
-40	3	88
-40	3	89
-40	3	90
-40	4	0
-40	4	1
-40	4	2
-40	4	3
-40	4	4
-40	4	5
-40	4	6
-40	4	7
-40	4	8
-40	4	9
-40	4	10
-40	4	11
-40	4	12
-40	4	13
-40	4	14
-40	4	15
-40	4	16
-40	4	17
-40	4	18
-40	4	19
-40	4	20
-40	4	21
-40	4	22
-40	4	23
-40	4	24
-38	4	25
-40	4	26
-40	4	27
-40	4	28
-40	4	29
-40	4	30
-40	4	31
-40	4	32
-40	4	33
-40	4	34
-40	4	35
-40	4	36
-40	4	37
-40	4	38
-40	4	39
-40	4	40
-40	4	41
-40	4	42
-40	4	43
-40	4	44
-40	4	45
-40	4	46
-40	4	47
-40	4	48
-40	4	49
-40	4	50
-40	4	51
-40	4	52
-40	4	53
-40	4	54
-40	4	55
-40	4	56
-40	4	57
-40	4	58
-40	4	59
-40	4	60
-40	4	61
-40	4	62
-40	4	63
-40	4	64
-40	4	65
-40	4	66
-40	4	67
-40	4	68
-40	4	69
-40	4	70
-40	4	71
-40	4	72
-40	4	73
-40	4	74
-40	4	75
-40	4	76
-40	4	77
-40	4	78
-38	4	79
-38	4	80
-40	4	81
-40	4	82
-40	4	83
-40	4	84
-40	4	85
-40	4	86
-40	4	87
-40	4	88
-40	4	89
-40	4	90
-40	5	0
-40	5	1
-40	5	2
-40	5	3
-40	5	4
-40	5	5
-40	5	6
-40	5	7
-40	5	8
-40	5	9
-40	5	10
-40	5	11
-40	5	12
-40	5	13
-40	5	14
-40	5	15
-40	5	16
-40	5	17
-40	5	18
-40	5	19
-38	5	20
-40	5	21
-40	5	22
-40	5	23
-40	5	24
-40	5	25
-40	5	26
-40	5	27
-40	5	28
-40	5	29
-40	5	30
-40	5	31
-40	5	32
-40	5	33
-40	5	34
-40	5	35
-40	5	36
-40	5	37
-40	5	38
-40	5	39
-40	5	40
-40	5	41
-40	5	42
-40	5	43
-40	5	44
-40	5	45
-40	5	46
-40	5	47
-40	5	48
-40	5	49
-40	5	50
-40	5	51
-40	5	52
-40	5	53
-40	5	54
-40	5	55
-40	5	56
-40	5	57
-40	5	58
-40	5	59
-40	5	60
-40	5	61
-40	5	62
-40	5	63
-40	5	64
-40	5	65
-40	5	66
-40	5	67
-40	5	68
-40	5	69
-40	5	70
-40	5	71
-40	5	72
-38	5	73
-40	5	74
-40	5	75
-38	5	76
-38	5	77
-40	5	78
-38	5	79
-38	5	80
-38	5	81
-40	5	82
-40	5	83
-40	5	84
-40	5	85
-40	5	86
-40	5	87
-40	5	88
-40	5	89
-40	5	90
-40	6	0
-40	6	1
-40	6	2
-40	6	3
-40	6	4
-40	6	5
-40	6	6
-40	6	7
-40	6	8
-40	6	9
-40	6	10
-40	6	11
-40	6	12
-40	6	13
-40	6	14
-40	6	15
-40	6	16
-40	6	17
-40	6	18
-40	6	19
-40	6	20
-40	6	21
-40	6	22
-40	6	23
-38	6	24
-40	6	25
-40	6	26
-40	6	27
-40	6	28
-40	6	29
-40	6	30
-40	6	31
-40	6	32
-40	6	33
-40	6	34
-40	6	35
-40	6	36
-40	6	37
-40	6	38
-40	6	39
-40	6	40
-40	6	41
-40	6	42
-40	6	43
-40	6	44
-40	6	45
-40	6	46
-40	6	47
-40	6	48
-40	6	49
-40	6	50
-40	6	51
-40	6	52
-40	6	53
-40	6	54
-40	6	55
-40	6	56
-40	6	57
-40	6	58
-40	6	59
-40	6	60
-40	6	61
-40	6	62
-40	6	63
-40	6	64
-40	6	65
-40	6	66
-40	6	67
-40	6	68
-40	6	69
-40	6	70
-40	6	71
-40	6	72
-40	6	73
-40	6	74
-40	6	75
-40	6	76
-40	6	77
-40	6	78
-40	6	79
-40	6	80
-40	6	81
-40	6	82
-40	6	83
-40	6	84
-40	6	85
-40	6	86
-40	6	87
-40	6	88
-40	6	89
-40	6	90
-40	7	0
-40	7	1
-40	7	2
-40	7	3
-40	7	4
-40	7	5
-40	7	6
-40	7	7
-40	7	8
-40	7	9
-40	7	10
-40	7	11
-40	7	12
-40	7	13
-40	7	14
-40	7	15
-40	7	16
-40	7	17
-38	7	18
-40	7	19
-40	7	20
-38	7	21
-40	7	22
-40	7	23
-38	7	24
-40	7	25
-38	7	26
-40	7	27
-40	7	28
-40	7	29
-40	7	30
-40	7	31
-40	7	32
-40	7	33
-40	7	34
-40	7	35
-40	7	36
-40	7	37
-40	7	38
-40	7	39
-40	7	40
-40	7	41
-40	7	42
-40	7	43
-40	7	44
-40	7	45
-40	7	46
-40	7	47
-40	7	48
-40	7	49
-40	7	50
-40	7	51
-40	7	52
-40	7	53
-40	7	54
-40	7	55
-40	7	56
-40	7	57
-40	7	58
-40	7	59
-40	7	60
-40	7	61
-40	7	62
-40	7	63
-40	7	64
-40	7	65
-40	7	66
-40	7	67
-40	7	68
-40	7	69
-40	7	70
-40	7	71
-40	7	72
-40	7	73
-40	7	74
-40	7	75
-40	7	76
-40	7	77
-40	7	78
-40	7	79
-40	7	80
-40	7	81
-40	7	82
-40	7	83
-40	7	84
-40	7	85
-40	7	86
-40	7	87
-40	7	88
-40	7	89
-40	7	90
-40	8	0
-40	8	1
-40	8	2
-40	8	3
-40	8	4
-40	8	5
-40	8	6
-40	8	7
-40	8	8
-40	8	9
-40	8	10
-40	8	11
-40	8	12
-40	8	13
-40	8	14
-40	8	15
-40	8	16
-40	8	17
-40	8	18
-40	8	19
-40	8	20
-40	8	21
-40	8	22
-40	8	23
-40	8	24
-40	8	25
-40	8	26
-40	8	27
-40	8	28
-40	8	29
-40	8	30
-40	8	31
-40	8	32
-40	8	33
-40	8	34
-40	8	35
-40	8	36
-40	8	37
-40	8	38
-40	8	39
-40	8	40
-40	8	41
-40	8	42
-40	8	43
-40	8	44
-40	8	45
-40	8	46
-40	8	47
-40	8	48
-40	8	49
-40	8	50
-40	8	51
-40	8	52
-40	8	53
-40	8	54
-40	8	55
-40	8	56
-40	8	57
-40	8	58
-40	8	59
-40	8	60
-40	8	61
-40	8	62
-40	8	63
-40	8	64
-40	8	65
-40	8	66
-40	8	67
-40	8	68
-40	8	69
-40	8	70
-40	8	71
-40	8	72
-40	8	73
-40	8	74
-40	8	75
-40	8	76
-40	8	77
-40	8	78
-40	8	79
-40	8	80
-40	8	81
-40	8	82
-40	8	83
-40	8	84
-40	8	85
-40	8	86
-40	8	87
-40	8	88
-40	8	89
-40	8	90
-40	9	0
-40	9	1
-40	9	2
-40	9	3
-40	9	4
-40	9	5
-40	9	6
-40	9	7
-40	9	8
-40	9	9
-40	9	10
-40	9	11
-40	9	12
-40	9	13
-40	9	14
-40	9	15
-40	9	16
-40	9	17
-40	9	18
-40	9	19
-40	9	20
-40	9	21
-40	9	22
-40	9	23
-40	9	24
-40	9	25
-40	9	26
-40	9	27
-40	9	28
-40	9	29
-40	9	30
-40	9	31
-40	9	32
-40	9	33
-40	9	34
-40	9	35
-40	9	36
-40	9	37
-40	9	38
-40	9	39
-40	9	40
-40	9	41
-40	9	42
-40	9	43
-40	9	44
-40	9	45
-40	9	46
-40	9	47
-40	9	48
-40	9	49
-40	9	50
-40	9	51
-40	9	52
-40	9	53
-40	9	54
-40	9	55
-40	9	56
-40	9	57
-40	9	58
-40	9	59
-40	9	60
-40	9	61
-40	9	62
-40	9	63
-40	9	64
-40	9	65
-40	9	66
-40	9	67
-40	9	68
-40	9	69
-40	9	70
-40	9	71
-40	9	72
-40	9	73
-40	9	74
-40	9	75
-40	9	76
-40	9	77
-40	9	78
-40	9	79
-40	9	80
-40	9	81
-40	9	82
-40	9	83
-40	9	84
-40	9	85
-40	9	86
-40	9	87
-40	9	88
-40	9	89
-40	9	90
-40	10	0
-40	10	1
-40	10	2
-40	10	3
-40	10	4
-40	10	5
-40	10	6
-40	10	7
-40	10	8
-40	10	9
-40	10	10
-40	10	11
-40	10	12
-40	10	13
-40	10	14
-40	10	15
-40	10	16
-40	10	17
-40	10	18
-40	10	19
-40	10	20
-40	10	21
-40	10	22
-40	10	23
-40	10	24
-40	10	25
-40	10	26
-40	10	27
-40	10	28
-40	10	29
-40	10	30
-40	10	31
-40	10	32
-40	10	33
-40	10	34
-40	10	35
-40	10	36
-40	10	37
-40	10	38
-40	10	39
-40	10	40
-40	10	41
-40	10	42
-40	10	43
-40	10	44
-40	10	45
-40	10	46
-40	10	47
-40	10	48
-40	10	49
-40	10	50
-40	10	51
-38	10	52
-40	10	53
-38	10	54
-40	10	55
-40	10	56
-40	10	57
-40	10	58
-40	10	59
-40	10	60
-40	10	61
-40	10	62
-40	10	63
-40	10	64
-40	10	65
-40	10	66
-40	10	67
-40	10	68
-40	10	69
-40	10	70
-40	10	71
-40	10	72
-40	10	73
-40	10	74
-40	10	75
-40	10	76
-40	10	77
-40	10	78
-40	10	79
-40	10	80
-40	10	81
-40	10	82
-40	10	83
-40	10	84
-40	10	85
-40	10	86
-40	10	87
-40	10	88
-40	10	89
-40	10	90
-40	11	0
-40	11	1
-40	11	2
-40	11	3
-40	11	4
-40	11	5
-40	11	6
-40	11	7
-40	11	8
-40	11	9
-40	11	10
-40	11	11
-40	11	12
-40	11	13
-40	11	14
-40	11	15
-40	11	16
-40	11	17
-40	11	18
-40	11	19
-40	11	20
-40	11	21
-40	11	22
-40	11	23
-40	11	24
-40	11	25
-40	11	26
-40	11	27
-40	11	28
-40	11	29
-40	11	30
-40	11	31
-40	11	32
-40	11	33
-40	11	34
-40	11	35
-40	11	36
-40	11	37
-40	11	38
-40	11	39
-40	11	40
-40	11	41
-40	11	42
-40	11	43
-40	11	44
-40	11	45
-40	11	46
-40	11	47
-40	11	48
-40	11	49
-40	11	50
-40	11	51
-40	11	52
-38	11	53
-38	11	54
-38	11	55
-38	11	56
-38	11	57
-40	11	58
-40	11	59
-40	11	60
-40	11	61
-40	11	62
-40	11	63
-40	11	64
-40	11	65
-40	11	66
-40	11	67
-40	11	68
-40	11	69
-40	11	70
-40	11	71
-40	11	72
-40	11	73
-40	11	74
-40	11	75
-40	11	76
-40	11	77
-40	11	78
-40	11	79
-40	11	80
-40	11	81
-40	11	82
-40	11	83
-40	11	84
-40	11	85
-40	11	86
-40	11	87
-40	11	88
-40	11	89
-40	11	90
-40	12	0
-40	12	1
-40	12	2
-40	12	3
-40	12	4
-40	12	5
-40	12	6
-40	12	7
-40	12	8
-40	12	9
-40	12	10
-40	12	11
-40	12	12
-40	12	13
-40	12	14
-40	12	15
-40	12	16
-40	12	17
-40	12	18
-40	12	19
-40	12	20
-40	12	21
-40	12	22
-40	12	23
-40	12	24
-40	12	25
-40	12	26
-40	12	27
-40	12	28
-40	12	29
-40	12	30
-40	12	31
-40	12	32
-40	12	33
-40	12	34
-40	12	35
-40	12	36
-40	12	37
-40	12	38
-40	12	39
-40	12	40
-40	12	41
-40	12	42
-40	12	43
-40	12	44
-40	12	45
-40	12	46
-40	12	47
-40	12	48
-40	12	49
-40	12	50
-40	12	51
-40	12	52
-40	12	53
-38	12	54
-38	12	55
-40	12	56
-38	12	57
-36	12	58
-40	12	59
-40	12	60
-40	12	61
-40	12	62
-40	12	63
-40	12	64
-40	12	65
-40	12	66
-40	12	67
-40	12	68
-40	12	69
-40	12	70
-40	12	71
-40	12	72
-40	12	73
-40	12	74
-40	12	75
-40	12	76
-40	12	77
-40	12	78
-40	12	79
-40	12	80
-40	12	81
-40	12	82
-40	12	83
-40	12	84
-40	12	85
-40	12	86
-40	12	87
-40	12	88
-40	12	89
-40	12	90
-40	13	0
-40	13	1
-40	13	2
-40	13	3
-40	13	4
-40	13	5
-40	13	6
-40	13	7
-40	13	8
-40	13	9
-40	13	10
-40	13	11
-40	13	12
-40	13	13
-40	13	14
-40	13	15
-40	13	16
-40	13	17
-40	13	18
-40	13	19
-40	13	20
-40	13	21
-40	13	22
-40	13	23
-40	13	24
-40	13	25
-40	13	26
-40	13	27
-40	13	28
-40	13	29
-40	13	30
-40	13	31
-40	13	32
-40	13	33
-40	13	34
-40	13	35
-40	13	36
-40	13	37
-40	13	38
-40	13	39
-38	13	40
-40	13	41
-40	13	42
-40	13	43
-40	13	44
-40	13	45
-40	13	46
-40	13	47
-40	13	48
-40	13	49
-40	13	50
-40	13	51
-38	13	52
-40	13	53
-40	13	54
-38	13	55
-40	13	56
-40	13	57
-40	13	58
-38	13	59
-40	13	60
-40	13	61
-40	13	62
-40	13	63
-40	13	64
-40	13	65
-40	13	66
-40	13	67
-40	13	68
-40	13	69
-40	13	70
-40	13	71
-40	13	72
-40	13	73
-40	13	74
-40	13	75
-40	13	76
-40	13	77
-40	13	78
-40	13	79
-40	13	80
-40	13	81
-40	13	82
-40	13	83
-40	13	84
-40	13	85
-40	13	86
-40	13	87
-40	13	88
-40	13	89
-40	13	90
-40	14	0
-40	14	1
-40	14	2
-40	14	3
-40	14	4
-40	14	5
-40	14	6
-40	14	7
-40	14	8
-40	14	9
-40	14	10
-40	14	11
-40	14	12
-40	14	13
-40	14	14
-40	14	15
-40	14	16
-40	14	17
-40	14	18
-40	14	19
-40	14	20
-40	14	21
-40	14	22
-40	14	23
-40	14	24
-40	14	25
-40	14	26
-40	14	27
-40	14	28
-40	14	29
-40	14	30
-40	14	31
-40	14	32
-40	14	33
-40	14	34
-38	14	35
-40	14	36
-40	14	37
-40	14	38
-40	14	39
-40	14	40
-40	14	41
-40	14	42
-40	14	43
-40	14	44
-40	14	45
-40	14	46
-40	14	47
-40	14	48
-40	14	49
-40	14	50
-40	14	51
-40	14	52
-38	14	53
-40	14	54
-40	14	55
-40	14	56
-40	14	57
-40	14	58
-40	14	59
-40	14	60
-40	14	61
-40	14	62
-40	14	63
-40	14	64
-40	14	65
-40	14	66
-40	14	67
-40	14	68
-40	14	69
-40	14	70
-40	14	71
-40	14	72
-40	14	73
-40	14	74
-40	14	75
-40	14	76
-40	14	77
-40	14	78
-40	14	79
-40	14	80
-40	14	81
-40	14	82
-40	14	83
-40	14	84
-40	14	85
-40	14	86
-40	14	87
-40	14	88
-40	14	89
-40	14	90
-40	15	0
-40	15	1
-40	15	2
-40	15	3
-40	15	4
-40	15	5
-40	15	6
-40	15	7
-40	15	8
-40	15	9
-40	15	10
-40	15	11
-40	15	12
-40	15	13
-40	15	14
-40	15	15
-40	15	16
-40	15	17
-40	15	18
-40	15	19
-40	15	20
-40	15	21
-40	15	22
-40	15	23
-40	15	24
-40	15	25
-40	15	26
-40	15	27
-40	15	28
-40	15	29
-40	15	30
-40	15	31
-40	15	32
-40	15	33
-40	15	34
-40	15	35
-40	15	36
-40	15	37
-40	15	38
-38	15	39
-40	15	40
-40	15	41
-40	15	42
-40	15	43
-40	15	44
-40	15	45
-40	15	46
-40	15	47
-40	15	48
-40	15	49
-40	15	50
-40	15	51
-40	15	52
-40	15	53
-40	15	54
-40	15	55
-40	15	56
-40	15	57
-40	15	58
-40	15	59
-40	15	60
-40	15	61
-40	15	62
-40	15	63
-40	15	64
-40	15	65
-40	15	66
-40	15	67
-40	15	68
-40	15	69
-40	15	70
-40	15	71
-40	15	72
-40	15	73
-40	15	74
-40	15	75
-40	15	76
-40	15	77
-40	15	78
-40	15	79
-40	15	80
-40	15	81
-40	15	82
-40	15	83
-40	15	84
-40	15	85
-40	15	86
-40	15	87
-40	15	88
-40	15	89
-40	15	90
-40	16	0
-40	16	1
-40	16	2
-40	16	3
-40	16	4
-40	16	5
-40	16	6
-40	16	7
-40	16	8
-40	16	9
-40	16	10
-40	16	11
-40	16	12
-40	16	13
-40	16	14
-40	16	15
-40	16	16
-40	16	17
-40	16	18
-40	16	19
-40	16	20
-40	16	21
-40	16	22
-40	16	23
-40	16	24
-40	16	25
-40	16	26
-40	16	27
-40	16	28
-40	16	29
-40	16	30
-40	16	31
-40	16	32
-38	16	33
-40	16	34
-40	16	35
-38	16	36
-40	16	37
-40	16	38
-38	16	39
-40	16	40
-38	16	41
-40	16	42
-40	16	43
-40	16	44
-40	16	45
-40	16	46
-40	16	47
-40	16	48
-40	16	49
-40	16	50
-40	16	51
-40	16	52
-40	16	53
-40	16	54
-40	16	55
-40	16	56
-40	16	57
-40	16	58
-40	16	59
-40	16	60
-40	16	61
-40	16	62
-40	16	63
-40	16	64
-40	16	65
-40	16	66
-40	16	67
-40	16	68
-40	16	69
-40	16	70
-40	16	71
-40	16	72
-40	16	73
-40	16	74
-40	16	75
-40	16	76
-40	16	77
-40	16	78
-40	16	79
-40	16	80
-40	16	81
-40	16	82
-40	16	83
-40	16	84
-40	16	85
-40	16	86
-40	16	87
-40	16	88
-40	16	89
-40	16	90
-40	17	0
-40	17	1
-40	17	2
-40	17	3
-40	17	4
-40	17	5
-38	17	6
-40	17	7
-38	17	8
-40	17	9
-40	17	10
-40	17	11
-40	17	12
-40	17	13
-40	17	14
-40	17	15
-40	17	16
-40	17	17
-40	17	18
-40	17	19
-40	17	20
-40	17	21
-40	17	22
-40	17	23
-40	17	24
-40	17	25
-40	17	26
-40	17	27
-40	17	28
-40	17	29
-40	17	30
-40	17	31
-40	17	32
-40	17	33
-40	17	34
-40	17	35
-40	17	36
-40	17	37
-40	17	38
-40	17	39
-40	17	40
-40	17	41
-40	17	42
-40	17	43
-40	17	44
-40	17	45
-40	17	46
-40	17	47
-40	17	48
-40	17	49
-40	17	50
-40	17	51
-40	17	52
-40	17	53
-40	17	54
-40	17	55
-40	17	56
-40	17	57
-40	17	58
-40	17	59
-40	17	60
-40	17	61
-40	17	62
-40	17	63
-40	17	64
-40	17	65
-40	17	66
-40	17	67
-40	17	68
-40	17	69
-40	17	70
-40	17	71
-40	17	72
-40	17	73
-40	17	74
-40	17	75
-40	17	76
-40	17	77
-40	17	78
-40	17	79
-40	17	80
-40	17	81
-40	17	82
-40	17	83
-40	17	84
-40	17	85
-40	17	86
-40	17	87
-40	17	88
-40	17	89
-40	17	90
-40	18	0
-40	18	1
-40	18	2
-40	18	3
-40	18	4
-40	18	5
-40	18	6
-40	18	7
-38	18	8
-40	18	9
-38	18	10
-38	18	11
-40	18	12
-40	18	13
-40	18	14
-40	18	15
-40	18	16
-40	18	17
-40	18	18
-40	18	19
-40	18	20
-40	18	21
-40	18	22
-40	18	23
-40	18	24
-40	18	25
-40	18	26
-40	18	27
-40	18	28
-40	18	29
-40	18	30
-40	18	31
-40	18	32
-40	18	33
-40	18	34
-40	18	35
-40	18	36
-40	18	37
-40	18	38
-40	18	39
-40	18	40
-40	18	41
-40	18	42
-40	18	43
-40	18	44
-40	18	45
-40	18	46
-40	18	47
-40	18	48
-40	18	49
-40	18	50
-40	18	51
-40	18	52
-40	18	53
-40	18	54
-40	18	55
-40	18	56
-40	18	57
-40	18	58
-40	18	59
-40	18	60
-40	18	61
-40	18	62
-40	18	63
-40	18	64
-40	18	65
-40	18	66
-40	18	67
-40	18	68
-40	18	69
-40	18	70
-38	18	71
-40	18	72
-38	18	73
-40	18	74
-38	18	75
-38	18	76
-38	18	77
-40	18	78
-40	18	79
-40	18	80
-40	18	81
-40	18	82
-40	18	83
-40	18	84
-40	18	85
-40	18	86
-40	18	87
-40	18	88
-40	18	89
-40	18	90
-40	19	0
-38	19	1
-38	19	2
-40	19	3
-40	19	4
-38	19	5
-40	19	6
-38	19	7
-38	19	8
-40	19	9
-38	19	10
-40	19	11
-38	19	12
-40	19	13
-40	19	14
-40	19	15
-40	19	16
-40	19	17
-40	19	18
-40	19	19
-40	19	20
-40	19	21
-40	19	22
-40	19	23
-40	19	24
-40	19	25
-40	19	26
-40	19	27
-40	19	28
-40	19	29
-40	19	30
-40	19	31
-40	19	32
-40	19	33
-40	19	34
-40	19	35
-40	19	36
-40	19	37
-40	19	38
-40	19	39
-40	19	40
-40	19	41
-40	19	42
-40	19	43
-40	19	44
-40	19	45
-40	19	46
-40	19	47
-40	19	48
-40	19	49
-40	19	50
-40	19	51
-40	19	52
-40	19	53
-40	19	54
-40	19	55
-40	19	56
-40	19	57
-40	19	58
-40	19	59
-40	19	60
-40	19	61
-40	19	62
-40	19	63
-40	19	64
-40	19	65
-40	19	66
-40	19	67
-40	19	68
-40	19	69
-40	19	70
-40	19	71
-40	19	72
-38	19	73
-40	19	74
-38	19	75
-38	19	76
-40	19	77
-40	19	78
-40	19	79
-40	19	80
-40	19	81
-40	19	82
-38	19	83
-40	19	84
-40	19	85
-40	19	86
-40	19	87
-40	19	88
-40	19	89
-40	19	90
-40	20	0
-38	20	1
-38	20	2
-38	20	3
-40	20	4
-38	20	5
-38	20	6
-38	20	7
-40	20	8
-40	20	9
-38	20	10
-40	20	11
-40	20	12
-40	20	13
-40	20	14
-40	20	15
-40	20	16
-40	20	17
-40	20	18
-40	20	19
-40	20	20
-40	20	21
-40	20	22
-40	20	23
-40	20	24
-40	20	25
-40	20	26
-40	20	27
-40	20	28
-40	20	29
-40	20	30
-40	20	31
-40	20	32
-40	20	33
-40	20	34
-40	20	35
-40	20	36
-40	20	37
-40	20	38
-40	20	39
-40	20	40
-40	20	41
-40	20	42
-40	20	43
-40	20	44
-40	20	45
-40	20	46
-40	20	47
-40	20	48
-40	20	49
-40	20	50
-40	20	51
-40	20	52
-40	20	53
-40	20	54
-40	20	55
-40	20	56
-40	20	57
-40	20	58
-40	20	59
-40	20	60
-40	20	61
-40	20	62
-40	20	63
-40	20	64
-40	20	65
-40	20	66
-40	20	67
-40	20	68
-40	20	69
-40	20	70
-40	20	71
-40	20	72
-38	20	73
-40	20	74
-40	20	75
-40	20	76
-38	20	77
-38	20	78
-40	20	79
-40	20	80
-40	20	81
-40	20	82
-40	20	83
-40	20	84
-40	20	85
-40	20	86
-40	20	87
-40	20	88
-40	20	89
-40	20	90
-40	21	0
-38	21	1
-38	21	2
-38	21	3
-38	21	4
-40	21	5
-40	21	6
-40	21	7
-40	21	8
-40	21	9
-40	21	10
-40	21	11
-40	21	12
-40	21	13
-40	21	14
-40	21	15
-40	21	16
-40	21	17
-40	21	18
-40	21	19
-40	21	20
-40	21	21
-40	21	22
-40	21	23
-40	21	24
-40	21	25
-40	21	26
-40	21	27
-40	21	28
-40	21	29
-40	21	30
-40	21	31
-40	21	32
-40	21	33
-40	21	34
-40	21	35
-40	21	36
-40	21	37
-40	21	38
-40	21	39
-40	21	40
-40	21	41
-40	21	42
-40	21	43
-40	21	44
-40	21	45
-40	21	46
-40	21	47
-40	21	48
-40	21	49
-40	21	50
-40	21	51
-40	21	52
-40	21	53
-40	21	54
-40	21	55
-40	21	56
-40	21	57
-40	21	58
-40	21	59
-40	21	60
-40	21	61
-40	21	62
-40	21	63
-40	21	64
-40	21	65
-40	21	66
-40	21	67
-40	21	68
-40	21	69
-40	21	70
-38	21	71
-40	21	72
-40	21	73
-40	21	74
-40	21	75
-40	21	76
-40	21	77
-40	21	78
-40	21	79
-40	21	80
-40	21	81
-38	21	82
-40	21	83
-40	21	84
-40	21	85
-40	21	86
-40	21	87
-40	21	88
-40	21	89
-40	21	90
-40	22	0
-40	22	1
-40	22	2
-40	22	3
-40	22	4
-40	22	5
-38	22	6
-38	22	7
-40	22	8
-38	22	9
-40	22	10
-40	22	11
-40	22	12
-40	22	13
-40	22	14
-40	22	15
-40	22	16
-40	22	17
-40	22	18
-40	22	19
-40	22	20
-40	22	21
-40	22	22
-40	22	23
-40	22	24
-40	22	25
-40	22	26
-40	22	27
-40	22	28
-40	22	29
-40	22	30
-40	22	31
-40	22	32
-40	22	33
-40	22	34
-40	22	35
-40	22	36
-40	22	37
-40	22	38
-40	22	39
-40	22	40
-40	22	41
-40	22	42
-40	22	43
-40	22	44
-40	22	45
-40	22	46
-40	22	47
-40	22	48
-40	22	49
-40	22	50
-40	22	51
-40	22	52
-40	22	53
-40	22	54
-40	22	55
-40	22	56
-40	22	57
-40	22	58
-40	22	59
-38	22	60
-40	22	61
-40	22	62
-40	22	63
-40	22	64
-38	22	65
-40	22	66
-40	22	67
-40	22	68
-40	22	69
-40	22	70
-40	22	71
-40	22	72
-40	22	73
-40	22	74
-40	22	75
-38	22	76
-40	22	77
-40	22	78
-38	22	79
-40	22	80
-40	22	81
-38	22	82
-40	22	83
-38	22	84
-40	22	85
-40	22	86
-40	22	87
-40	22	88
-40	22	89
-40	22	90
-40	23	0
-40	23	1
-40	23	2
-40	23	3
-40	23	4
-40	23	5
-40	23	6
-40	23	7
-40	23	8
-40	23	9
-40	23	10
-40	23	11
-40	23	12
-40	23	13
-40	23	14
-40	23	15
-40	23	16
-40	23	17
-40	23	18
-40	23	19
-40	23	20
-40	23	21
-40	23	22
-40	23	23
-40	23	24
-40	23	25
-40	23	26
-40	23	27
-40	23	28
-40	23	29
-40	23	30
-40	23	31
-40	23	32
-40	23	33
-40	23	34
-40	23	35
-40	23	36
-40	23	37
-40	23	38
-40	23	39
-40	23	40
-40	23	41
-40	23	42
-40	23	43
-40	23	44
-40	23	45
-40	23	46
-40	23	47
-40	23	48
-40	23	49
-40	23	50
-40	23	51
-40	23	52
-40	23	53
-40	23	54
-40	23	55
-40	23	56
-40	23	57
-40	23	58
-40	23	59
-40	23	60
-40	23	61
-40	23	62
-40	23	63
-40	23	64
-40	23	65
-40	23	66
-40	23	67
-40	23	68
-40	23	69
-40	23	70
-40	23	71
-40	23	72
-40	23	73
-40	23	74
-40	23	75
-40	23	76
-40	23	77
-40	23	78
-40	23	79
-40	23	80
-40	23	81
-40	23	82
-40	23	83
-40	23	84
-40	23	85
-40	23	86
-40	23	87
-40	23	88
-40	23	89
-40	23	90
-40	24	0
-40	24	1
-40	24	2
-40	24	3
-40	24	4
-40	24	5
-40	24	6
-40	24	7
-40	24	8
-40	24	9
-40	24	10
-40	24	11
-40	24	12
-40	24	13
-40	24	14
-40	24	15
-40	24	16
-40	24	17
-40	24	18
-40	24	19
-40	24	20
-40	24	21
-40	24	22
-40	24	23
-40	24	24
-40	24	25
-40	24	26
-40	24	27
-40	24	28
-40	24	29
-40	24	30
-40	24	31
-40	24	32
-40	24	33
-40	24	34
-40	24	35
-40	24	36
-40	24	37
-40	24	38
-40	24	39
-40	24	40
-40	24	41
-40	24	42
-40	24	43
-40	24	44
-40	24	45
-40	24	46
-40	24	47
-40	24	48
-40	24	49
-40	24	50
-40	24	51
-40	24	52
-40	24	53
-40	24	54
-40	24	55
-40	24	56
-40	24	57
-40	24	58
-40	24	59
-38	24	60
-39	24	61
-36	24	62
-39	24	63
-38	24	64
-40	24	65
-38	24	66
-40	24	67
-40	24	68
-40	24	69
-40	24	70
-40	24	71
-40	24	72
-40	24	73
-40	24	74
-40	24	75
-40	24	76
-40	24	77
-40	24	78
-40	24	79
-40	24	80
-40	24	81
-40	24	82
-40	24	83
-40	24	84
-40	24	85
-40	24	86
-40	24	87
-40	24	88
-40	24	89
-40	24	90
-40	25	0
-40	25	1
-40	25	2
-40	25	3
-40	25	4
-40	25	5
-40	25	6
-40	25	7
-40	25	8
-40	25	9
-40	25	10
-40	25	11
-40	25	12
-40	25	13
-40	25	14
-40	25	15
-40	25	16
-40	25	17
-40	25	18
-40	25	19
-40	25	20
-40	25	21
-40	25	22
-40	25	23
-40	25	24
-40	25	25
-40	25	26
-40	25	27
-40	25	28
-40	25	29
-40	25	30
-40	25	31
-40	25	32
-40	25	33
-40	25	34
-40	25	35
-40	25	36
-40	25	37
-40	25	38
-40	25	39
-40	25	40
-40	25	41
-40	25	42
-40	25	43
-40	25	44
-40	25	45
-40	25	46
-40	25	47
-40	25	48
-40	25	49
-40	25	50
-40	25	51
-40	25	52
-40	25	53
-40	25	54
-40	25	55
-40	25	56
-40	25	57
-38	25	58
-40	25	59
-38	25	60
-40	25	61
-38	25	62
-40	25	63
-38	25	64
-38	25	65
-40	25	66
-40	25	67
-40	25	68
-40	25	69
-40	25	70
-40	25	71
-40	25	72
-40	25	73
-40	25	74
-40	25	75
-40	25	76
-40	25	77
-40	25	78
-40	25	79
-40	25	80
-40	25	81
-40	25	82
-40	25	83
-40	25	84
-40	25	85
-40	25	86
-40	25	87
-40	25	88
-40	25	89
-40	25	90
-40	26	0
-40	26	1
-40	26	2
-40	26	3
-40	26	4
-40	26	5
-40	26	6
-40	26	7
-40	26	8
-40	26	9
-40	26	10
-40	26	11
-40	26	12
-40	26	13
-40	26	14
-40	26	15
-40	26	16
-40	26	17
-40	26	18
-40	26	19
-40	26	20
-40	26	21
-40	26	22
-40	26	23
-40	26	24
-40	26	25
-40	26	26
-40	26	27
-40	26	28
-40	26	29
-40	26	30
-40	26	31
-40	26	32
-40	26	33
-40	26	34
-40	26	35
-40	26	36
-40	26	37
-40	26	38
-40	26	39
-40	26	40
-40	26	41
-40	26	42
-40	26	43
-40	26	44
-40	26	45
-40	26	46
-40	26	47
-40	26	48
-40	26	49
-40	26	50
-40	26	51
-40	26	52
-40	26	53
-40	26	54
-40	26	55
-40	26	56
-40	26	57
-40	26	58
-40	26	59
-40	26	60
-40	26	61
-38	26	62
-40	26	63
-40	26	64
-40	26	65
-38	26	66
-40	26	67
-40	26	68
-40	26	69
-40	26	70
-40	26	71
-40	26	72
-40	26	73
-40	26	74
-40	26	75
-40	26	76
-40	26	77
-40	26	78
-40	26	79
-40	26	80
-40	26	81
-40	26	82
-40	26	83
-40	26	84
-40	26	85
-40	26	86
-40	26	87
-40	26	88
-40	26	89
-40	26	90
-40	27	0
-40	27	1
-40	27	2
-40	27	3
-40	27	4
-40	27	5
-40	27	6
-40	27	7
-40	27	8
-40	27	9
-40	27	10
-40	27	11
-40	27	12
-40	27	13
-40	27	14
-40	27	15
-40	27	16
-40	27	17
-40	27	18
-40	27	19
-40	27	20
-40	27	21
-40	27	22
-40	27	23
-40	27	24
-40	27	25
-40	27	26
-40	27	27
-40	27	28
-40	27	29
-40	27	30
-40	27	31
-40	27	32
-40	27	33
-40	27	34
-40	27	35
-40	27	36
-40	27	37
-40	27	38
-40	27	39
-40	27	40
-40	27	41
-40	27	42
-40	27	43
-40	27	44
-40	27	45
-40	27	46
-40	27	47
-40	27	48
-40	27	49
-40	27	50
-40	27	51
-40	27	52
-40	27	53
-40	27	54
-40	27	55
-40	27	56
-40	27	57
-40	27	58
-40	27	59
-38	27	60
-40	27	61
-40	27	62
-40	27	63
-40	27	64
-40	27	65
-40	27	66
-40	27	67
-40	27	68
-40	27	69
-40	27	70
-40	27	71
-40	27	72
-40	27	73
-40	27	74
-40	27	75
-40	27	76
-40	27	77
-40	27	78
-40	27	79
-40	27	80
-40	27	81
-40	27	82
-40	27	83
-40	27	84
-40	27	85
-40	27	86
-40	27	87
-40	27	88
-40	27	89
-40	27	90
-40	28	0
-40	28	1
-40	28	2
-40	28	3
-40	28	4
-40	28	5
-40	28	6
-40	28	7
-40	28	8
-40	28	9
-40	28	10
-40	28	11
-40	28	12
-40	28	13
-38	28	14
-40	28	15
-40	28	16
-40	28	17
-40	28	18
-40	28	19
-40	28	20
-40	28	21
-40	28	22
-40	28	23
-40	28	24
-40	28	25
-40	28	26
-40	28	27
-40	28	28
-40	28	29
-40	28	30
-40	28	31
-40	28	32
-40	28	33
-40	28	34
-40	28	35
-40	28	36
-40	28	37
-40	28	38
-40	28	39
-40	28	40
-40	28	41
-40	28	42
-40	28	43
-40	28	44
-40	28	45
-40	28	46
-40	28	47
-40	28	48
-40	28	49
-40	28	50
-40	28	51
-40	28	52
-40	28	53
-40	28	54
-40	28	55
-40	28	56
-40	28	57
-40	28	58
-40	28	59
-40	28	60
-40	28	61
-40	28	62
-40	28	63
-40	28	64
-40	28	65
-40	28	66
-40	28	67
-40	28	68
-40	28	69
-40	28	70
-40	28	71
-40	28	72
-40	28	73
-40	28	74
-40	28	75
-40	28	76
-40	28	77
-40	28	78
-40	28	79
-40	28	80
-40	28	81
-40	28	82
-40	28	83
-40	28	84
-40	28	85
-40	28	86
-40	28	87
-40	28	88
-40	28	89
-40	28	90
-40	29	0
-40	29	1
-40	29	2
-40	29	3
-40	29	4
-40	29	5
-40	29	6
-40	29	7
-40	29	8
-38	29	9
-40	29	10
-40	29	11
-40	29	12
-38	29	13
-40	29	14
-40	29	15
-40	29	16
-40	29	17
-40	29	18
-40	29	19
-40	29	20
-40	29	21
-40	29	22
-40	29	23
-40	29	24
-40	29	25
-40	29	26
-40	29	27
-40	29	28
-40	29	29
-40	29	30
-40	29	31
-40	29	32
-40	29	33
-40	29	34
-40	29	35
-40	29	36
-40	29	37
-40	29	38
-40	29	39
-40	29	40
-40	29	41
-40	29	42
-40	29	43
-40	29	44
-40	29	45
-40	29	46
-40	29	47
-40	29	48
-40	29	49
-40	29	50
-40	29	51
-40	29	52
-40	29	53
-40	29	54
-40	29	55
-40	29	56
-40	29	57
-40	29	58
-40	29	59
-40	29	60
-40	29	61
-40	29	62
-40	29	63
-40	29	64
-40	29	65
-40	29	66
-40	29	67
-40	29	68
-40	29	69
-40	29	70
-40	29	71
-40	29	72
-40	29	73
-40	29	74
-40	29	75
-40	29	76
-40	29	77
-40	29	78
-40	29	79
-40	29	80
-40	29	81
-40	29	82
-40	29	83
-40	29	84
-40	29	85
-40	29	86
-40	29	87
-40	29	88
-40	29	89
-40	29	90
-40	30	0
-40	30	1
-40	30	2
-40	30	3
-40	30	4
-40	30	5
-40	30	6
-40	30	7
-38	30	8
-40	30	9
-40	30	10
-40	30	11
-40	30	12
-38	30	13
-40	30	14
-40	30	15
-40	30	16
-40	30	17
-40	30	18
-40	30	19
-40	30	20
-40	30	21
-40	30	22
-40	30	23
-40	30	24
-40	30	25
-40	30	26
-40	30	27
-40	30	28
-40	30	29
-40	30	30
-40	30	31
-40	30	32
-40	30	33
-40	30	34
-40	30	35
-40	30	36
-40	30	37
-40	30	38
-40	30	39
-40	30	40
-40	30	41
-40	30	42
-40	30	43
-40	30	44
-40	30	45
-40	30	46
-40	30	47
-40	30	48
-40	30	49
-40	30	50
-40	30	51
-40	30	52
-40	30	53
-40	30	54
-40	30	55
-40	30	56
-40	30	57
-40	30	58
-40	30	59
-40	30	60
-40	30	61
-40	30	62
-40	30	63
-40	30	64
-40	30	65
-40	30	66
-40	30	67
-40	30	68
-40	30	69
-40	30	70
-40	30	71
-40	30	72
-40	30	73
-40	30	74
-40	30	75
-40	30	76
-40	30	77
-40	30	78
-40	30	79
-40	30	80
-40	30	81
-40	30	82
-40	30	83
-40	30	84
-40	30	85
-40	30	86
-40	30	87
-40	30	88
-40	30	89
-40	30	90
-40	31	0
-40	31	1
-40	31	2
-40	31	3
-40	31	4
-40	31	5
-40	31	6
-38	31	7
-40	31	8
-40	31	9
-38	31	10
-40	31	11
-38	31	12
-38	31	13
-40	31	14
-38	31	15
-40	31	16
-40	31	17
-40	31	18
-40	31	19
-40	31	20
-40	31	21
-40	31	22
-40	31	23
-40	31	24
-40	31	25
-40	31	26
-40	31	27
-40	31	28
-40	31	29
-40	31	30
-40	31	31
-40	31	32
-40	31	33
-40	31	34
-40	31	35
-40	31	36
-40	31	37
-40	31	38
-40	31	39
-40	31	40
-40	31	41
-40	31	42
-40	31	43
-40	31	44
-40	31	45
-40	31	46
-40	31	47
-40	31	48
-40	31	49
-40	31	50
-40	31	51
-40	31	52
-38	31	53
-40	31	54
-40	31	55
-40	31	56
-40	31	57
-40	31	58
-40	31	59
-40	31	60
-40	31	61
-40	31	62
-40	31	63
-40	31	64
-40	31	65
-40	31	66
-40	31	67
-40	31	68
-40	31	69
-40	31	70
-40	31	71
-40	31	72
-40	31	73
-40	31	74
-40	31	75
-40	31	76
-40	31	77
-40	31	78
-40	31	79
-40	31	80
-40	31	81
-40	31	82
-40	31	83
-40	31	84
-40	31	85
-40	31	86
-40	31	87
-40	31	88
-40	31	89
-40	31	90
-40	32	0
-40	32	1
-40	32	2
-40	32	3
-40	32	4
-40	32	5
-38	32	6
-40	32	7
-40	32	8
-38	32	9
-40	32	10
-40	32	11
-38	32	12
-40	32	13
-38	32	14
-40	32	15
-40	32	16
-40	32	17
-40	32	18
-40	32	19
-40	32	20
-40	32	21
-40	32	22
-40	32	23
-40	32	24
-40	32	25
-40	32	26
-40	32	27
-40	32	28
-40	32	29
-40	32	30
-40	32	31
-40	32	32
-40	32	33
-40	32	34
-40	32	35
-40	32	36
-40	32	37
-40	32	38
-40	32	39
-40	32	40
-40	32	41
-40	32	42
-40	32	43
-40	32	44
-40	32	45
-40	32	46
-40	32	47
-38	32	48
-40	32	49
-40	32	50
-40	32	51
-40	32	52
-40	32	53
-40	32	54
-40	32	55
-40	32	56
-40	32	57
-40	32	58
-40	32	59
-40	32	60
-40	32	61
-40	32	62
-40	32	63
-40	32	64
-40	32	65
-40	32	66
-40	32	67
-40	32	68
-40	32	69
-40	32	70
-40	32	71
-40	32	72
-40	32	73
-40	32	74
-40	32	75
-40	32	76
-40	32	77
-40	32	78
-40	32	79
-40	32	80
-40	32	81
-40	32	82
-40	32	83
-40	32	84
-40	32	85
-40	32	86
-40	32	87
-40	32	88
-40	32	89
-40	32	90
-40	33	0
-40	33	1
-40	33	2
-40	33	3
-40	33	4
-40	33	5
-40	33	6
-40	33	7
-40	33	8
-40	33	9
-40	33	10
-40	33	11
-40	33	12
-40	33	13
-40	33	14
-40	33	15
-40	33	16
-40	33	17
-40	33	18
-40	33	19
-40	33	20
-40	33	21
-40	33	22
-40	33	23
-40	33	24
-40	33	25
-40	33	26
-40	33	27
-40	33	28
-40	33	29
-40	33	30
-40	33	31
-40	33	32
-40	33	33
-40	33	34
-40	33	35
-40	33	36
-40	33	37
-40	33	38
-40	33	39
-40	33	40
-40	33	41
-40	33	42
-40	33	43
-40	33	44
-40	33	45
-40	33	46
-40	33	47
-40	33	48
-40	33	49
-40	33	50
-40	33	51
-38	33	52
-40	33	53
-40	33	54
-40	33	55
-40	33	56
-40	33	57
-40	33	58
-40	33	59
-40	33	60
-40	33	61
-40	33	62
-40	33	63
-40	33	64
-40	33	65
-40	33	66
-40	33	67
-40	33	68
-40	33	69
-40	33	70
-40	33	71
-40	33	72
-40	33	73
-40	33	74
-40	33	75
-40	33	76
-40	33	77
-40	33	78
-40	33	79
-40	33	80
-40	33	81
-40	33	82
-40	33	83
-40	33	84
-40	33	85
-40	33	86
-40	33	87
-40	33	88
-40	33	89
-40	33	90
-40	34	0
-40	34	1
-40	34	2
-40	34	3
-40	34	4
-40	34	5
-40	34	6
-40	34	7
-40	34	8
-40	34	9
-40	34	10
-40	34	11
-40	34	12
-40	34	13
-40	34	14
-40	34	15
-40	34	16
-40	34	17
-40	34	18
-40	34	19
-40	34	20
-40	34	21
-40	34	22
-40	34	23
-40	34	24
-40	34	25
-40	34	26
-40	34	27
-40	34	28
-40	34	29
-40	34	30
-40	34	31
-40	34	32
-40	34	33
-40	34	34
-40	34	35
-40	34	36
-40	34	37
-40	34	38
-40	34	39
-40	34	40
-40	34	41
-40	34	42
-40	34	43
-40	34	44
-40	34	45
-38	34	46
-40	34	47
-40	34	48
-38	34	49
-40	34	50
-40	34	51
-38	34	52
-40	34	53
-38	34	54
-40	34	55
-40	34	56
-40	34	57
-40	34	58
-40	34	59
-40	34	60
-40	34	61
-40	34	62
-40	34	63
-40	34	64
-40	34	65
-40	34	66
-40	34	67
-40	34	68
-40	34	69
-40	34	70
-40	34	71
-40	34	72
-40	34	73
-40	34	74
-40	34	75
-40	34	76
-40	34	77
-40	34	78
-40	34	79
-38	34	80
-40	34	81
-38	34	82
-40	34	83
-40	34	84
-40	34	85
-40	34	86
-40	34	87
-40	34	88
-40	34	89
-40	34	90
-40	35	0
-40	35	1
-40	35	2
-40	35	3
-40	35	4
-40	35	5
-40	35	6
-40	35	7
-40	35	8
-40	35	9
-40	35	10
-40	35	11
-40	35	12
-40	35	13
-40	35	14
-40	35	15
-40	35	16
-40	35	17
-38	35	18
-40	35	19
-38	35	20
-40	35	21
-40	35	22
-40	35	23
-40	35	24
-40	35	25
-40	35	26
-40	35	27
-40	35	28
-40	35	29
-40	35	30
-40	35	31
-40	35	32
-40	35	33
-40	35	34
-40	35	35
-40	35	36
-40	35	37
-40	35	38
-40	35	39
-40	35	40
-40	35	41
-40	35	42
-40	35	43
-40	35	44
-40	35	45
-40	35	46
-40	35	47
-40	35	48
-40	35	49
-40	35	50
-40	35	51
-40	35	52
-40	35	53
-40	35	54
-40	35	55
-40	35	56
-40	35	57
-40	35	58
-40	35	59
-40	35	60
-40	35	61
-40	35	62
-40	35	63
-40	35	64
-40	35	65
-40	35	66
-40	35	67
-40	35	68
-40	35	69
-40	35	70
-40	35	71
-40	35	72
-40	35	73
-40	35	74
-40	35	75
-40	35	76
-40	35	77
-40	35	78
-40	35	79
-40	35	80
-40	35	81
-38	35	82
-40	35	83
-38	35	84
-38	35	85
-40	35	86
-40	35	87
-40	35	88
-40	35	89
-40	35	90
-40	36	0
-40	36	1
-40	36	2
-40	36	3
-40	36	4
-40	36	5
-40	36	6
-40	36	7
-40	36	8
-40	36	9
-40	36	10
-40	36	11
-40	36	12
-40	36	13
-40	36	14
-40	36	15
-40	36	16
-40	36	17
-40	36	18
-40	36	19
-38	36	20
-40	36	21
-38	36	22
-36	36	23
-39	36	24
-38	36	25
-40	36	26
-40	36	27
-40	36	28
-40	36	29
-40	36	30
-40	36	31
-40	36	32
-40	36	33
-40	36	34
-40	36	35
-40	36	36
-40	36	37
-40	36	38
-40	36	39
-40	36	40
-40	36	41
-40	36	42
-40	36	43
-40	36	44
-40	36	45
-40	36	46
-40	36	47
-40	36	48
-40	36	49
-40	36	50
-40	36	51
-40	36	52
-40	36	53
-40	36	54
-40	36	55
-40	36	56
-40	36	57
-40	36	58
-40	36	59
-40	36	60
-40	36	61
-40	36	62
-40	36	63
-40	36	64
-40	36	65
-40	36	66
-40	36	67
-40	36	68
-40	36	69
-40	36	70
-40	36	71
-40	36	72
-40	36	73
-40	36	74
-40	36	75
-40	36	76
-40	36	77
-40	36	78
-40	36	79
-40	36	80
-40	36	81
-38	36	82
-40	36	83
-40	36	84
-40	36	85
-38	36	86
-40	36	87
-40	36	88
-40	36	89
-40	36	90
-40	37	0
-40	37	1
-40	37	2
-40	37	3
-40	37	4
-40	37	5
-40	37	6
-40	37	7
-40	37	8
-40	37	9
-40	37	10
-40	37	11
-40	37	12
-40	37	13
-40	37	14
-38	37	15
-40	37	16
-40	37	17
-40	37	18
-40	37	19
-38	37	20
-38	37	21
-40	37	22
-40	37	23
-38	37	24
-38	37	25
-40	37	26
-38	37	27
-38	37	28
-40	37	29
-40	37	30
-40	37	31
-40	37	32
-40	37	33
-40	37	34
-40	37	35
-40	37	36
-40	37	37
-40	37	38
-40	37	39
-40	37	40
-40	37	41
-40	37	42
-40	37	43
-40	37	44
-40	37	45
-40	37	46
-40	37	47
-40	37	48
-40	37	49
-40	37	50
-40	37	51
-40	37	52
-40	37	53
-40	37	54
-40	37	55
-40	37	56
-40	37	57
-40	37	58
-40	37	59
-40	37	60
-40	37	61
-40	37	62
-40	37	63
-40	37	64
-40	37	65
-40	37	66
-40	37	67
-40	37	68
-40	37	69
-40	37	70
-40	37	71
-40	37	72
-40	37	73
-40	37	74
-40	37	75
-40	37	76
-40	37	77
-40	37	78
-40	37	79
-38	37	80
-40	37	81
-40	37	82
-40	37	83
-40	37	84
-40	37	85
-40	37	86
-40	37	87
-40	37	88
-40	37	89
-40	37	90
-40	38	0
-40	38	1
-40	38	2
-40	38	3
-40	38	4
-40	38	5
-40	38	6
-40	38	7
-40	38	8
-40	38	9
-40	38	10
-40	38	11
-40	38	12
-40	38	13
-40	38	14
-38	38	15
-38	38	16
-40	38	17
-38	38	18
-38	38	19
-39	38	20
-40	38	21
-40	38	22
-40	38	23
-40	38	24
-38	38	25
-40	38	26
-40	38	27
-40	38	28
-38	38	29
-40	38	30
-40	38	31
-40	38	32
-40	38	33
-40	38	34
-40	38	35
-40	38	36
-40	38	37
-40	38	38
-40	38	39
-40	38	40
-40	38	41
-40	38	42
-40	38	43
-40	38	44
-40	38	45
-40	38	46
-40	38	47
-40	38	48
-40	38	49
-40	38	50
-40	38	51
-40	38	52
-40	38	53
-40	38	54
-40	38	55
-40	38	56
-40	38	57
-40	38	58
-40	38	59
-40	38	60
-40	38	61
-40	38	62
-40	38	63
-40	38	64
-40	38	65
-40	38	66
-40	38	67
-40	38	68
-40	38	69
-40	38	70
-40	38	71
-40	38	72
-40	38	73
-40	38	74
-40	38	75
-40	38	76
-40	38	77
-40	38	78
-40	38	79
-40	38	80
-40	38	81
-40	38	82
-40	38	83
-40	38	84
-40	38	85
-40	38	86
-40	38	87
-40	38	88
-40	38	89
-40	38	90
-40	39	0
-40	39	1
-40	39	2
-40	39	3
-40	39	4
-40	39	5
-40	39	6
-40	39	7
-40	39	8
-40	39	9
-40	39	10
-40	39	11
-40	39	12
-40	39	13
-40	39	14
-40	39	15
-40	39	16
-40	39	17
-40	39	18
-40	39	19
-38	39	20
-40	39	21
-40	39	22
-38	39	23
-40	39	24
-40	39	25
-40	39	26
-40	39	27
-40	39	28
-40	39	29
-40	39	30
-40	39	31
-40	39	32
-40	39	33
-40	39	34
-40	39	35
-40	39	36
-40	39	37
-40	39	38
-40	39	39
-40	39	40
-40	39	41
-40	39	42
-40	39	43
-40	39	44
-40	39	45
-40	39	46
-40	39	47
-40	39	48
-40	39	49
-40	39	50
-40	39	51
-40	39	52
-40	39	53
-40	39	54
-40	39	55
-40	39	56
-40	39	57
-40	39	58
-40	39	59
-40	39	60
-40	39	61
-40	39	62
-40	39	63
-40	39	64
-40	39	65
-40	39	66
-40	39	67
-40	39	68
-40	39	69
-40	39	70
-40	39	71
-40	39	72
-40	39	73
-40	39	74
-40	39	75
-40	39	76
-40	39	77
-40	39	78
-40	39	79
-40	39	80
-40	39	81
-40	39	82
-40	39	83
-40	39	84
-40	39	85
-40	39	86
-40	39	87
-40	39	88
-40	39	89
-40	39	90
-38	40	0
-40	40	1
-40	40	2
-40	40	3
-40	40	4
-40	40	5
-40	40	6
-40	40	7
-40	40	8
-40	40	9
-40	40	10
-40	40	11
-40	40	12
-40	40	13
-40	40	14
-40	40	15
-40	40	16
-40	40	17
-40	40	18
-40	40	19
-40	40	20
-40	40	21
-40	40	22
-40	40	23
-40	40	24
-40	40	25
-40	40	26
-40	40	27
-40	40	28
-40	40	29
-40	40	30
-40	40	31
-40	40	32
-40	40	33
-40	40	34
-40	40	35
-40	40	36
-40	40	37
-40	40	38
-40	40	39
-40	40	40
-40	40	41
-40	40	42
-40	40	43
-40	40	44
-40	40	45
-40	40	46
-40	40	47
-40	40	48
-40	40	49
-40	40	50
-40	40	51
-40	40	52
-40	40	53
-40	40	54
-40	40	55
-40	40	56
-40	40	57
-40	40	58
-40	40	59
-40	40	60
-40	40	61
-40	40	62
-40	40	63
-40	40	64
-40	40	65
-40	40	66
-40	40	67
-40	40	68
-40	40	69
-40	40	70
-40	40	71
-40	40	72
-40	40	73
-40	40	74
-40	40	75
-40	40	76
-40	40	77
-40	40	78
-40	40	79
-40	40	80
-40	40	81
-40	40	82
-40	40	83
-40	40	84
-40	40	85
-40	40	86
-40	40	87
-40	40	88
-40	40	89
-40	40	90
-40	41	0
-40	41	1
-40	41	2
-40	41	3
-40	41	4
-40	41	5
-40	41	6
-40	41	7
-40	41	8
-40	41	9
-40	41	10
-40	41	11
-40	41	12
-40	41	13
-40	41	14
-40	41	15
-40	41	16
-40	41	17
-40	41	18
-40	41	19
-40	41	20
-40	41	21
-40	41	22
-40	41	23
-40	41	24
-40	41	25
-40	41	26
-40	41	27
-40	41	28
-40	41	29
-40	41	30
-40	41	31
-40	41	32
-40	41	33
-40	41	34
-40	41	35
-40	41	36
-40	41	37
-40	41	38
-40	41	39
-40	41	40
-40	41	41
-40	41	42
-40	41	43
-40	41	44
-40	41	45
-40	41	46
-40	41	47
-40	41	48
-40	41	49
-40	41	50
-40	41	51
-40	41	52
-40	41	53
-40	41	54
-40	41	55
-40	41	56
-40	41	57
-40	41	58
-40	41	59
-40	41	60
-40	41	61
-40	41	62
-40	41	63
-40	41	64
-40	41	65
-40	41	66
-40	41	67
-40	41	68
-40	41	69
-40	41	70
-40	41	71
-40	41	72
-40	41	73
-40	41	74
-40	41	75
-40	41	76
-40	41	77
-40	41	78
-40	41	79
-40	41	80
-40	41	81
-40	41	82
-40	41	83
-40	41	84
-40	41	85
-40	41	86
-40	41	87
-40	41	88
-40	41	89
-40	41	90

Best result and coordinate for block-b and news-2
S	N	M
------------------
-36	12	58


The program was executed successfully

real	0m0.551s
user	0m0.544s
sys	0m0.004s
