File part was read successfully

Starting alignment for news and part
File news was read successfully
Finished alignment with 2628 sequences
S	N	M
------------------
-206	0	0
-205	0	1
-198	0	2
-193	0	3
-193	0	4
-197	0	5
-193	0	6
-194	0	7
-197	0	8
-198	0	9
-207	0	10
-212	0	11
-211	0	12
-207	0	13
-210	0	14
-157	0	15
-154	0	16
-150	0	17
-149	0	18
-149	0	19
-154	0	20
-154	0	21
-154	0	22
-158	0	23
-157	0	24
-157	0	25
-156	0	26
-155	0	27
-157	0	28
-156	0	29
-155	0	30
-150	0	31
-150	0	32
-148	0	33
-142	0	34
-142	0	35
-146	0	36
-144	0	37
-138	0	38
-138	0	39
-139	0	40
-144	0	41
-144	0	42
-146	0	43
-140	0	44
-142	0	45
-136	0	46
-138	0	47
-144	0	48
-146	0	49
-148	0	50
-166	0	51
-166	0	52
-164	0	53
-162	0	54
-165	0	55
-161	0	56
-161	0	57
-163	0	58
-161	0	59
-165	0	60
-167	0	61
-165	0	62
-171	0	63
-176	0	64
-179	0	65
-182	0	66
-184	0	67
-188	0	68
-195	0	69
-207	0	70
-212	0	71
-219	0	72
-217	1	0
-215	1	1
-221	1	2
-221	1	3
-223	1	4
-219	1	5
-214	1	6
-218	1	7
-214	1	8
-205	1	9
-208	1	10
-212	1	11
-210	1	12
-210	1	13
-210	1	14
-151	1	15
-152	1	16
-149	1	17
-151	1	18
-148	1	19
-149	1	20
-148	1	21
-148	1	22
-153	1	23
-153	1	24
-154	1	25
-150	1	26
-152	1	27
-150	1	28
-148	1	29
-144	1	30
-140	1	31
-142	1	32
-141	1	33
-144	1	34
-146	1	35
-146	1	36
-144	1	37
-144	1	38
-141	1	39
-145	1	40
-152	1	41
-146	1	42
-150	1	43
-152	1	44
-148	1	45
-150	1	46
-150	1	47
-144	1	48
-163	1	49
-170	1	50
-210	1	51
-211	1	52
-213	1	53
-211	1	54
-207	1	55
-205	1	56
-205	1	57
-209	1	58
-208	1	59
-207	1	60
-206	1	61
-206	1	62
-206	1	63
-200	1	64
-198	1	65
-202	1	66
-204	1	67
-206	1	68
-205	1	69
-204	1	70
-209	1	71
-211	1	72
-214	2	0
-211	2	1
-209	2	2
-210	2	3
-215	2	4
-212	2	5
-217	2	6
-213	2	7
-210	2	8
-206	2	9
-206	2	10
-205	2	11
-205	2	12
-201	2	13
-204	2	14
-169	2	15
-168	2	16
-171	2	17
-170	2	18
-158	2	19
-164	2	20
-160	2	21
-156	2	22
-156	2	23
-158	2	24
-154	2	25
-152	2	26
-152	2	27
-155	2	28
-153	2	29
-156	2	30
-149	2	31
-150	2	32
-148	2	33
-150	2	34
-153	2	35
-151	2	36
-156	2	37
-154	2	38
-150	2	39
-148	2	40
-151	2	41
-147	2	42
-149	2	43
-149	2	44
-145	2	45
-146	2	46
-145	2	47
-141	2	48
-199	2	49
-200	2	50
-199	2	51
-202	2	52
-201	2	53
-204	2	54
-203	2	55
-203	2	56
-201	2	57
-202	2	58
-206	2	59
-210	2	60
-211	2	61
-211	2	62
-213	2	63
-213	2	64
-214	2	65
-214	2	66
-212	2	67
-215	2	68
-217	2	69
-212	2	70
-209	2	71
-208	2	72
-204	3	0
-209	3	1
-207	3	2
-209	3	3
-200	3	4
-201	3	5
-201	3	6
-202	3	7
-200	3	8
-200	3	9
-197	3	10
-195	3	11
-195	3	12
-191	3	13
-191	3	14
-194	3	15
-199	3	16
-196	3	17
-194	3	18
-162	3	19
-170	3	20
-170	3	21
-164	3	22
-166	3	23
-168	3	24
-164	3	25
-161	3	26
-162	3	27
-160	3	28
-160	3	29
-163	3	30
-165	3	31
-164	3	32
-164	3	33
-158	3	34
-161	3	35
-159	3	36
-156	3	37
-150	3	38
-150	3	39
-152	3	40
-148	3	41
-144	3	42
-148	3	43
-151	3	44
-150	3	45
-150	3	46
-152	3	47
-153	3	48
-191	3	49
-192	3	50
-190	3	51
-188	3	52
-184	3	53
-181	3	54
-184	3	55
-181	3	56
-182	3	57
-186	3	58
-195	3	59
-193	3	60
-195	3	61
-192	3	62
-197	3	63
-198	3	64
-200	3	65
-200	3	66
-202	3	67
-204	3	68
-201	3	69
-198	3	70
-196	3	71
-194	3	72
-208	4	0
-208	4	1
-207	4	2
-211	4	3
-211	4	4
-205	4	5
-206	4	6
-205	4	7
-204	4	8
-200	4	9
-194	4	10
-191	4	11
-187	4	12
-187	4	13
-190	4	14
-194	4	15
-193	4	16
-196	4	17
-195	4	18
-172	4	19
-178	4	20
-182	4	21
-179	4	22
-183	4	23
-182	4	24
-180	4	25
-179	4	26
-179	4	27
-179	4	28
-180	4	29
-181	4	30
-180	4	31
-181	4	32
-181	4	33
-179	4	34
-177	4	35
-178	4	36
-180	4	37
-179	4	38
-184	4	39
-187	4	40
-194	4	41
-193	4	42
-192	4	43
-195	4	44
-202	4	45
-200	4	46
-200	4	47
-197	4	48
-203	4	49
-203	4	50
-204	4	51
-206	4	52
-208	4	53
-206	4	54
-196	4	55
-192	4	56
-190	4	57
-190	4	58
-190	4	59
-190	4	60
-190	4	61
-190	4	62
-190	4	63
-192	4	64
-196	4	65
-190	4	66
-190	4	67
-190	4	68
-192	4	69
-184	4	70
-182	4	71
-178	4	72
-150	5	0
-155	5	1
-164	5	2
-173	5	3
-180	5	4
-188	5	5
-195	5	6
-204	5	7
-208	5	8
-205	5	9
-208	5	10
-214	5	11
-215	5	12
-215	5	13
-211	5	14
-205	5	15
-210	5	16
-214	5	17
-209	5	18
-209	5	19
-212	5	20
-209	5	21
-206	5	22
-205	5	23
-204	5	24
-203	5	25
-202	5	26
-203	5	27
-201	5	28
-203	5	29
-204	5	30
-199	5	31
-195	5	32
-198	5	33
-198	5	34
-201	5	35
-198	5	36
-198	5	37
-199	5	38
-202	5	39
-207	5	40
-203	5	41
-204	5	42
-202	5	43
-198	5	44
-193	5	45
-195	5	46
-193	5	47
-187	5	48
-192	5	49
-192	5	50
-188	5	51
-197	5	52
-195	5	53
-193	5	54
-169	5	55
-163	5	56
-161	5	57
-159	5	58
-159	5	59
-159	5	60
-161	5	61
-165	5	62
-165	5	63
-165	5	64
-169	5	65
-168	5	66
-170	5	67
-170	5	68
-174	5	69
-168	5	70
-170	5	71
-170	5	72
0	6	0
-7	6	1
-18	6	2
-29	6	3
-40	6	4
-48	6	5
-57	6	6
-68	6	7
-79	6	8
-87	6	9
-94	6	10
-107	6	11
-116	6	12
-123	6	13
-136	6	14
-147	6	15
-158	6	16
-165	6	17
-172	6	18
-181	6	19
-194	6	20
-203	6	21
-210	6	22
-213	6	23
-213	6	24
-211	6	25
-214	6	26
-214	6	27
-215	6	28
-212	6	29
-213	6	30
-217	6	31
-222	6	32
-222	6	33
-218	6	34
-210	6	35
-207	6	36
-201	6	37
-194	6	38
-196	6	39
-195	6	40
-195	6	41
-194	6	42
-193	6	43
-190	6	44
-190	6	45
-184	6	46
-184	6	47
-184	6	48
-188	6	49
-194	6	50
-191	6	51
-187	6	52
-183	6	53
-183	6	54
-151	6	55
-147	6	56
-145	6	57
-144	6	58
-143	6	59
-145	6	60
-147	6	61
-147	6	62
-151	6	63
-153	6	64
-158	6	65
-155	6	66
-153	6	67
-153	6	68
-159	6	69
-158	6	70
-162	6	71
-162	6	72
150	7	0
139	7	1
126	7	2
111	7	3
100	7	4
90	7	5
79	7	6
66	7	7
55	7	8
41	7	9
27	7	10
11	7	11
0	7	12
-7	7	13
-22	7	14
-37	7	15
-52	7	16
-65	7	17
-75	7	18
-89	7	19
-102	7	20
-119	7	21
-128	7	22
-134	7	23
-148	7	24
-162	7	25
-173	7	26
-188	7	27
-199	7	28
-207	7	29
-209	7	30
-203	7	31
-202	7	32
-203	7	33
-201	7	34
-201	7	35
-202	7	36
-205	7	37
-209	7	38
-215	7	39
-214	7	40
-207	7	41
-207	7	42
-202	7	43
-205	7	44
-206	7	45
-211	7	46
-214	7	47
-214	7	48
-208	7	49
-201	7	50
-199	7	51
-204	7	52
-204	7	53
-204	7	54
-139	7	55
-137	7	56
-137	7	57
-139	7	58
-141	7	59
-143	7	60
-146	7	61
-142	7	62
-146	7	63
-151	7	64
-154	7	65
-150	7	66
-154	7	67
-154	7	68
-154	7	69
-159	7	70
-160	7	71
-158	7	72
300	8	0
279	8	1
256	8	2
233	8	3
210	8	4
188	8	5
167	8	6
146	8	7
123	8	8
101	8	9
82	8	10
59	8	11
38	8	12
19	8	13
-4	8	14
-27	8	15
-47	8	16
-67	8	17
-86	8	18
-104	8	19
-121	8	20
-136	8	21
-155	8	22
-166	8	23
-176	8	24
-188	8	25
-190	8	26
-188	8	27
-193	8	28
-192	8	29
-192	8	30
-191	8	31
-193	8	32
-190	8	33
-190	8	34
-190	8	35
-193	8	36
-196	8	37
-196	8	38
-194	8	39
-194	8	40
-192	8	41
-191	8	42
-194	8	43
-192	8	44
-189	8	45
-188	8	46
-194	8	47
-196	8	48
-194	8	49
-191	8	50
-188	8	51
-183	8	52
-185	8	53
-184	8	54
-138	8	55
-138	8	56
-136	8	57
-145	8	58
-143	8	59
-143	8	60
-147	8	61
-147	8	62
-156	8	63
-157	8	64
-154	8	65
-151	8	66
-154	8	67
-156	8	68
-156	8	69
-160	8	70
-158	8	71
-157	8	72
150	9	0
129	9	1
108	9	2
87	9	3
66	9	4
45	9	5
26	9	6
7	9	7
-14	9	8
-34	9	9
-51	9	10
-72	9	11
-91	9	12
-110	9	13
-131	9	14
-151	9	15
-168	9	16
-183	9	17
-193	9	18
-196	9	19
-197	9	20
-196	9	21
-197	9	22
-195	9	23
-194	9	24
-199	9	25
-210	9	26
-209	9	27
-210	9	28
-209	9	29
-208	9	30
-207	9	31
-209	9	32
-212	9	33
-206	9	34
-202	9	35
-204	9	36
-204	9	37
-199	9	38
-201	9	39
-201	9	40
-201	9	41
-197	9	42
-191	9	43
-187	9	44
-179	9	45
-184	9	46
-185	9	47
-192	9	48
-194	9	49
-198	9	50
-194	9	51
-197	9	52
-203	9	53
-205	9	54
-156	9	55
-154	9	56
-154	9	57
-156	9	58
-154	9	59
-155	9	60
-150	9	61
-138	9	62
-142	9	63
-142	9	64
-142	9	65
-144	9	66
-142	9	67
-143	9	68
-141	9	69
-149	9	70
-151	9	71
-157	9	72
0	10	0
-19	10	1
-38	10	2
-57	10	3
-76	10	4
-95	10	5
-112	10	6
-129	10	7
-148	10	8
-167	10	9
-182	10	10
-201	10	11
-209	10	12
-210	10	13
-207	10	14
-208	10	15
-210	10	16
-206	10	17
-207	10	18
-206	10	19
-209	10	20
-207	10	21
-211	10	22
-209	10	23
-214	10	24
-212	10	25
-212	10	26
-209	10	27
-215	10	28
-216	10	29
-212	10	30
-218	10	31
-217	10	32
-210	10	33
-207	10	34
-206	10	35
-208	10	36
-204	10	37
-207	10	38
-211	10	39
-214	10	40
-213	10	41
-212	10	42
-209	10	43
-213	10	44
-212	10	45
-213	10	46
-209	10	47
-209	10	48
-212	10	49
-213	10	50
-213	10	51
-208	10	52
-208	10	53
-212	10	54
-144	10	55
-142	10	56
-142	10	57
-144	10	58
-142	10	59
-143	10	60
-140	10	61
-132	10	62
-136	10	63
-136	10	64
-136	10	65
-138	10	66
-138	10	67
-139	10	68
-139	10	69
-145	10	70
-147	10	71
-147	10	72
-150	11	0
-167	11	1
-184	11	2
-201	11	3
-210	11	4
-212	11	5
-207	11	6
-207	11	7
-206	11	8
-209	11	9
-207	11	10
-203	11	11
-198	11	12
-194	11	13
-198	11	14
-201	11	15
-200	11	16
-207	11	17
-206	11	18
-207	11	19
-208	11	20
-208	11	21
-210	11	22
-215	11	23
-213	11	24
-209	11	25
-209	11	26
-209	11	27
-213	11	28
-218	11	29
-217	11	30
-222	11	31
-221	11	32
-218	11	33
-215	11	34
-217	11	35
-214	11	36
-218	11	37
-216	11	38
-212	11	39
-211	11	40
-209	11	41
-206	11	42
-203	11	43
-202	11	44
-205	11	45
-206	11	46
-208	11	47
-204	11	48
-200	11	49
-202	11	50
-201	11	51
-198	11	52
-196	11	53
-201	11	54
-145	11	55
-141	11	56
-142	11	57
-143	11	58
-137	11	59
-140	11	60
-142	11	61
-132	11	62
-138	11	63
-136	11	64
-139	11	65
-137	11	66
-136	11	67
-138	11	68
-140	11	69
-145	11	70
-145	11	71
-149	11	72
-202	12	0
-201	12	1
-204	12	2
-205	12	3
-205	12	4
-203	12	5
-207	12	6
-210	12	7
-210	12	8
-208	12	9
-204	12	10
-208	12	11
-205	12	12
-201	12	13
-203	12	14
-199	12	15
-201	12	16
-203	12	17
-196	12	18
-199	12	19
-203	12	20
-206	12	21
-206	12	22
-206	12	23
-204	12	24
-206	12	25
-206	12	26
-207	12	27
-213	12	28
-215	12	29
-209	12	30
-204	12	31
-204	12	32
-205	12	33
-205	12	34
-205	12	35
-210	12	36
-209	12	37
-211	12	38
-212	12	39
-214	12	40
-215	12	41
-213	12	42
-212	12	43
-219	12	44
-220	12	45
-222	12	46
-217	12	47
-213	12	48
-214	12	49
-213	12	50
-214	12	51
-210	12	52
-209	12	53
-206	12	54
-154	12	55
-154	12	56
-155	12	57
-155	12	58
-152	12	59
-156	12	60
-154	12	61
-151	12	62
-154	12	63
-157	12	64
-159	12	65
-157	12	66
-161	12	67
-160	12	68
-163	12	69
-166	12	70
-170	12	71
-178	12	72
-193	13	0
-189	13	1
-188	13	2
-195	13	3
-198	13	4
-197	13	5
-198	13	6
-197	13	7
-197	13	8
-194	13	9
-190	13	10
-192	13	11
-199	13	12
-201	13	13
-202	13	14
-208	13	15
-209	13	16
-210	13	17
-208	13	18
-203	13	19
-204	13	20
-202	13	21
-205	13	22
-204	13	23
-200	13	24
-198	13	25
-205	13	26
-210	13	27
-207	13	28
-207	13	29
-208	13	30
-205	13	31
-208	13	32
-202	13	33
-205	13	34
-202	13	35
-205	13	36
-205	13	37
-209	13	38
-210	13	39
-209	13	40
-211	13	41
-214	13	42
-216	13	43
-214	13	44
-211	13	45
-210	13	46
-213	13	47
-211	13	48
-208	13	49
-209	13	50
-209	13	51
-208	13	52
-211	13	53
-207	13	54
-185	13	55
-184	13	56
-182	13	57
-182	13	58
-178	13	59
-176	13	60
-178	13	61
-178	13	62
-180	13	63
-180	13	64
-181	13	65
-179	13	66
-186	13	67
-189	13	68
-191	13	69
-195	13	70
-198	13	71
-199	13	72
-208	14	0
-203	14	1
-198	14	2
-198	14	3
-199	14	4
-206	14	5
-205	14	6
-204	14	7
-203	14	8
-208	14	9
-209	14	10
-212	14	11
-209	14	12
-206	14	13
-207	14	14
-209	14	15
-212	14	16
-209	14	17
-209	14	18
-210	14	19
-210	14	20
-207	14	21
-205	14	22
-204	14	23
-202	14	24
-209	14	25
-214	14	26
-214	14	27
-216	14	28
-217	14	29
-220	14	30
-219	14	31
-216	14	32
-218	14	33
-219	14	34
-223	14	35
-224	14	36
-219	14	37
-222	14	38
-216	14	39
-210	14	40
-213	14	41
-216	14	42
-217	14	43
-219	14	44
-215	14	45
-218	14	46
-219	14	47
-216	14	48
-219	14	49
-214	14	50
-212	14	51
-212	14	52
-214	14	53
-214	14	54
-215	14	55
-218	14	56
-219	14	57
-220	14	58
-218	14	59
-219	14	60
-214	14	61
-216	14	62
-217	14	63
-214	14	64
-210	14	65
-208	14	66
-206	14	67
-207	14	68
-209	14	69
-209	14	70
-212	14	71
-214	14	72
-207	15	0
-203	15	1
-200	15	2
-203	15	3
-205	15	4
-200	15	5
-202	15	6
-204	15	7
-203	15	8
-203	15	9
-206	15	10
-204	15	11
-205	15	12
-207	15	13
-208	15	14
-209	15	15
-210	15	16
-212	15	17
-207	15	18
-212	15	19
-213	15	20
-212	15	21
-214	15	22
-213	15	23
-208	15	24
-212	15	25
-214	15	26
-213	15	27
-213	15	28
-210	15	29
-207	15	30
-199	15	31
-204	15	32
-206	15	33
-208	15	34
-210	15	35
-211	15	36
-207	15	37
-203	15	38
-204	15	39
-194	15	40
-201	15	41
-203	15	42
-204	15	43
-207	15	44
-209	15	45
-215	15	46
-216	15	47
-217	15	48
-216	15	49
-217	15	50
-221	15	51
-216	15	52
-209	15	53
-207	15	54
-206	15	55
-209	15	56
-210	15	57
-214	15	58
-206	15	59
-206	15	60
-213	15	61
-213	15	62
-215	15	63
-220	15	64
-217	15	65
-217	15	66
-216	15	67
-211	15	68
-208	15	69
-205	15	70
-200	15	71
-208	15	72
-198	16	0
-193	16	1
-194	16	2
-194	16	3
-191	16	4
-191	16	5
-192	16	6
-187	16	7
-194	16	8
-201	16	9
-199	16	10
-197	16	11
-198	16	12
-195	16	13
-198	16	14
-196	16	15
-195	16	16
-200	16	17
-201	16	18
-200	16	19
-206	16	20
-207	16	21
-198	16	22
-192	16	23
-188	16	24
-193	16	25
-195	16	26
-193	16	27
-191	16	28
-194	16	29
-198	16	30
-202	16	31
-198	16	32
-201	16	33
-200	16	34
-200	16	35
-204	16	36
-208	16	37
-209	16	38
-207	16	39
-209	16	40
-211	16	41
-207	16	42
-209	16	43
-215	16	44
-212	16	45
-209	16	46
-205	16	47
-206	16	48
-211	16	49
-207	16	50
-210	16	51
-209	16	52
-209	16	53
-208	16	54
-208	16	55
-208	16	56
-206	16	57
-204	16	58
-204	16	59
-202	16	60
-203	16	61
-204	16	62
-208	16	63
-207	16	64
-202	16	65
-205	16	66
-202	16	67
-199	16	68
-200	16	69
-201	16	70
-206	16	71
-207	16	72
-200	17	0
-187	17	1
-189	17	2
-187	17	3
-187	17	4
-187	17	5
-187	17	6
-190	17	7
-192	17	8
-196	17	9
-199	17	10
-197	17	11
-199	17	12
-202	17	13
-203	17	14
-206	17	15
-209	17	16
-211	17	17
-205	17	18
-201	17	19
-196	17	20
-195	17	21
-197	17	22
-197	17	23
-191	17	24
-191	17	25
-190	17	26
-193	17	27
-196	17	28
-202	17	29
-203	17	30
-198	17	31
-195	17	32
-198	17	33
-201	17	34
-199	17	35
-204	17	36
-205	17	37
-200	17	38
-200	17	39
-197	17	40
-197	17	41
-200	17	42
-198	17	43
-200	17	44
-202	17	45
-204	17	46
-202	17	47
-200	17	48
-198	17	49
-198	17	50
-198	17	51
-196	17	52
-208	17	53
-204	17	54
-200	17	55
-202	17	56
-200	17	57
-200	17	58
-202	17	59
-202	17	60
-200	17	61
-198	17	62
-198	17	63
-202	17	64
-200	17	65
-198	17	66
-196	17	67
-196	17	68
-196	17	69
-206	17	70
-206	17	71
-205	17	72
-212	18	0
-209	18	1
-211	18	2
-210	18	3
-212	18	4
-210	18	5
-207	18	6
-205	18	7
-206	18	8
-212	18	9
-213	18	10
-211	18	11
-208	18	12
-208	18	13
-209	18	14
-207	18	15
-205	18	16
-211	18	17
-207	18	18
-206	18	19
-209	18	20
-212	18	21
-215	18	22
-190	18	23
-184	18	24
-186	18	25
-188	18	26
-186	18	27
-186	18	28
-182	18	29
-180	18	30
-176	18	31
-178	18	32
-182	18	33
-182	18	34
-186	18	35
-184	18	36
-184	18	37
-188	18	38
-184	18	39
-184	18	40
-184	18	41
-180	18	42
-180	18	43
-182	18	44
-184	18	45
-186	18	46
-186	18	47
-184	18	48
-182	18	49
-184	18	50
-184	18	51
-184	18	52
-188	18	53
-186	18	54
-188	18	55
-186	18	56
-182	18	57
-182	18	58
-180	18	59
-178	18	60
-180	18	61
-178	18	62
-180	18	63
-180	18	64
-180	18	65
-178	18	66
-178	18	67
-174	18	68
-174	18	69
-187	18	70
-191	18	71
-188	18	72
-207	19	0
-203	19	1
-205	19	2
-205	19	3
-201	19	4
-198	19	5
-201	19	6
-203	19	7
-204	19	8
-203	19	9
-201	19	10
-202	19	11
-206	19	12
-208	19	13
-213	19	14
-210	19	15
-204	19	16
-202	19	17
-208	19	18
-207	19	19
-209	19	20
-209	19	21
-211	19	22
-170	19	23
-166	19	24
-164	19	25
-164	19	26
-166	19	27
-166	19	28
-164	19	29
-166	19	30
-164	19	31
-166	19	32
-168	19	33
-168	19	34
-170	19	35
-170	19	36
-172	19	37
-174	19	38
-170	19	39
-170	19	40
-166	19	41
-164	19	42
-162	19	43
-166	19	44
-168	19	45
-168	19	46
-166	19	47
-166	19	48
-160	19	49
-162	19	50
-164	19	51
-164	19	52
-164	19	53
-166	19	54
-166	19	55
-164	19	56
-160	19	57
-160	19	58
-162	19	59
-162	19	60
-164	19	61
-162	19	62
-164	19	63
-162	19	64
-162	19	65
-162	19	66
-162	19	67
-162	19	68
-164	19	69
-202	19	70
-201	19	71
-201	19	72
-197	20	0
-192	20	1
-189	20	2
-188	20	3
-197	20	4
-197	20	5
-196	20	6
-196	20	7
-195	20	8
-199	20	9
-201	20	10
-201	20	11
-208	20	12
-210	20	13
-211	20	14
-211	20	15
-211	20	16
-212	20	17
-211	20	18
-206	20	19
-206	20	20
-207	20	21
-212	20	22
-156	20	23
-148	20	24
-146	20	25
-151	20	26
-158	20	27
-156	20	28
-156	20	29
-158	20	30
-161	20	31
-162	20	32
-162	20	33
-164	20	34
-166	20	35
-164	20	36
-162	20	37
-160	20	38
-160	20	39
-158	20	40
-152	20	41
-154	20	42
-152	20	43
-156	20	44
-152	20	45
-154	20	46
-152	20	47
-155	20	48
-148	20	49
-148	20	50
-152	20	51
-154	20	52
-154	20	53
-156	20	54
-156	20	55
-156	20	56
-154	20	57
-156	20	58
-155	20	59
-157	20	60
-161	20	61
-160	20	62
-161	20	63
-159	20	64
-156	20	65
-154	20	66
-158	20	67
-155	20	68
-155	20	69
-209	20	70
-211	20	71
-211	20	72
-214	21	0
-215	21	1
-216	21	2
-213	21	3
-212	21	4
-213	21	5
-211	21	6
-211	21	7
-212	21	8
-218	21	9
-217	21	10
-218	21	11
-220	21	12
-222	21	13
-222	21	14
-220	21	15
-220	21	16
-220	21	17
-216	21	18
-213	21	19
-212	21	20
-213	21	21
-210	21	22
-152	21	23
-148	21	24
-148	21	25
-153	21	26
-156	21	27
-156	21	28
-152	21	29
-152	21	30
-153	21	31
-152	21	32
-154	21	33
-156	21	34
-158	21	35
-158	21	36
-154	21	37
-154	21	38
-157	21	39
-150	21	40
-146	21	41
-148	21	42
-144	21	43
-147	21	44
-146	21	45
-144	21	46
-142	21	47
-146	21	48
-144	21	49
-148	21	50
-150	21	51
-152	21	52
-150	21	53
-154	21	54
-156	21	55
-150	21	56
-146	21	57
-144	21	58
-149	21	59
-152	21	60
-154	21	61
-155	21	62
-160	21	63
-158	21	64
-160	21	65
-154	21	66
-156	21	67
-160	21	68
-154	21	69
-200	21	70
-198	21	71
-196	21	72
-207	22	0
-209	22	1
-208	22	2
-211	22	3
-213	22	4
-206	22	5
-207	22	6
-209	22	7
-210	22	8
-207	22	9
-207	22	10
-203	22	11
-202	22	12
-199	22	13
-197	22	14
-200	22	15
-203	22	16
-209	22	17
-208	22	18
-206	22	19
-205	22	20
-207	22	21
-209	22	22
-151	22	23
-150	22	24
-153	22	25
-156	22	26
-158	22	27
-154	22	28
-155	22	29
-154	22	30
-154	22	31
-153	22	32
-153	22	33
-155	22	34
-160	22	35
-158	22	36
-156	22	37
-158	22	38
-157	22	39
-147	22	40
-143	22	41
-143	22	42
-141	22	43
-143	22	44
-145	22	45
-146	22	46
-149	22	47
-158	22	48
-155	22	49
-159	22	50
-159	22	51
-163	22	52
-163	22	53
-164	22	54
-160	22	55
-159	22	56
-159	22	57
-158	22	58
-160	22	59
-160	22	60
-164	22	61
-165	22	62
-168	22	63
-168	22	64
-163	22	65
-170	22	66
-164	22	67
-163	22	68
-162	22	69
-200	22	70
-200	22	71
-204	22	72
-187	23	0
-192	23	1
-195	23	2
-189	23	3
-188	23	4
-190	23	5
-191	23	6
-187	23	7
-186	23	8
-183	23	9
-183	23	10
-187	23	11
-190	23	12
-198	23	13
-197	23	14
-204	23	15
-206	23	16
-206	23	17
-212	23	18
-212	23	19
-216	23	20
-218	23	21
-220	23	22
-160	23	23
-161	23	24
-159	23	25
-161	23	26
-161	23	27
-157	23	28
-162	23	29
-161	23	30
-163	23	31
-165	23	32
-165	23	33
-165	23	34
-164	23	35
-166	23	36
-166	23	37
-160	23	38
-156	23	39
-146	23	40
-144	23	41
-142	23	42
-142	23	43
-153	23	44
-156	23	45
-164	23	46
-166	23	47
-174	23	48
-173	23	49
-174	23	50
-176	23	51
-180	23	52
-183	23	53
-183	23	54
-179	23	55
-181	23	56
-180	23	57
-176	23	58
-179	23	59
-177	23	60
-179	23	61
-179	23	62
-182	23	63
-181	23	64
-181	23	65
-185	23	66
-179	23	67
-178	23	68
-177	23	69
-208	23	70
-210	23	71
-215	23	72
-218	24	0
-216	24	1
-209	24	2
-209	24	3
-206	24	4
-205	24	5
-203	24	6
-205	24	7
-199	24	8
-202	24	9
-201	24	10
-195	24	11
-198	24	12
-194	24	13
-189	24	14
-196	24	15
-199	24	16
-199	24	17
-197	24	18
-199	24	19
-197	24	20
-202	24	21
-206	24	22
-177	24	23
-177	24	24
-180	24	25
-177	24	26
-177	24	27
-174	24	28
-171	24	29
-170	24	30
-172	24	31
-175	24	32
-169	24	33
-171	24	34
-171	24	35
-174	24	36
-177	24	37
-178	24	38
-179	24	39
-174	24	40
-178	24	41
-179	24	42
-184	24	43
-191	24	44
-190	24	45
-195	24	46
-194	24	47
-194	24	48
-197	24	49
-203	24	50
-207	24	51
-211	24	52
-209	24	53
-208	24	54
-211	24	55
-209	24	56
-209	24	57
-206	24	58
-208	24	59
-208	24	60
-207	24	61
-211	24	62
-211	24	63
-206	24	64
-207	24	65
-208	24	66
-209	24	67
-207	24	68
-206	24	69
-204	24	70
-202	24	71
-210	24	72
-217	25	0
-218	25	1
-222	25	2
-218	25	3
-217	25	4
-217	25	5
-222	25	6
-219	25	7
-217	25	8
-216	25	9
-216	25	10
-215	25	11
-209	25	12
-211	25	13
-208	25	14
-209	25	15
-213	25	16
-209	25	17
-212	25	18
-210	25	19
-206	25	20
-204	25	21
-204	25	22
-202	25	23
-198	25	24
-196	25	25
-201	25	26
-209	25	27
-206	25	28
-211	25	29
-213	25	30
-211	25	31
-215	25	32
-214	25	33
-216	25	34
-213	25	35
-213	25	36
-215	25	37
-217	25	38
-215	25	39
-218	25	40
-222	25	41
-219	25	42
-218	25	43
-221	25	44
-218	25	45
-220	25	46
-220	25	47
-223	25	48
-218	25	49
-213	25	50
-210	25	51
-210	25	52
-207	25	53
-210	25	54
-215	25	55
-214	25	56
-214	25	57
-213	25	58
-214	25	59
-210	25	60
-204	25	61
-203	25	62
-200	25	63
-193	25	64
-185	25	65
-188	25	66
-190	25	67
-186	25	68
-188	25	69
-192	25	70
-198	25	71
-203	25	72
-208	26	0
-209	26	1
-207	26	2
-207	26	3
-207	26	4
-212	26	5
-209	26	6
-209	26	7
-207	26	8
-204	26	9
-209	26	10
-206	26	11
-206	26	12
-204	26	13
-207	26	14
-209	26	15
-206	26	16
-209	26	17
-207	26	18
-209	26	19
-208	26	20
-202	26	21
-202	26	22
-198	26	23
-198	26	24
-195	26	25
-197	26	26
-195	26	27
-194	26	28
-200	26	29
-205	26	30
-208	26	31
-210	26	32
-210	26	33
-216	26	34
-218	26	35
-211	26	36
-213	26	37
-214	26	38
-215	26	39
-211	26	40
-204	26	41
-209	26	42
-212	26	43
-212	26	44
-217	26	45
-214	26	46
-215	26	47
-216	26	48
-218	26	49
-218	26	50
-220	26	51
-221	26	52
-218	26	53
-212	26	54
-208	26	55
-205	26	56
-198	26	57
-198	26	58
-199	26	59
-197	26	60
-197	26	61
-196	26	62
-202	26	63
-203	26	64
-203	26	65
-197	26	66
-198	26	67
-197	26	68
-196	26	69
-190	26	70
-188	26	71
-191	26	72
-198	27	0
-198	27	1
-201	27	2
-203	27	3
-203	27	4
-204	27	5
-215	27	6
-217	27	7
-221	27	8
-222	27	9
-215	27	10
-212	27	11
-205	27	12
-206	27	13
-203	27	14
-202	27	15
-204	27	16
-207	27	17
-209	27	18
-207	27	19
-204	27	20
-203	27	21
-200	27	22
-198	27	23
-196	27	24
-196	27	25
-196	27	26
-194	27	27
-198	27	28
-203	27	29
-206	27	30
-203	27	31
-203	27	32
-204	27	33
-204	27	34
-205	27	35
-197	27	36
-201	27	37
-201	27	38
-199	27	39
-201	27	40
-206	27	41
-210	27	42
-208	27	43
-205	27	44
-204	27	45
-194	27	46
-193	27	47
-195	27	48
-193	27	49
-194	27	50
-199	27	51
-204	27	52
-208	27	53
-209	27	54
-211	27	55
-215	27	56
-215	27	57
-216	27	58
-221	27	59
-221	27	60
-220	27	61
-211	27	62
-209	27	63
-212	27	64
-211	27	65
-219	27	66
-220	27	67
-219	27	68
-213	27	69
-214	27	70
-210	27	71
-209	27	72
-214	28	0
-209	28	1
-210	28	2
-207	28	3
-209	28	4
-209	28	5
-212	28	6
-210	28	7
-212	28	8
-212	28	9
-217	28	10
-212	28	11
-212	28	12
-206	28	13
-200	28	14
-201	28	15
-207	28	16
-207	28	17
-213	28	18
-213	28	19
-214	28	20
-215	28	21
-214	28	22
-209	28	23
-207	28	24
-207	28	25
-204	28	26
-206	28	27
-204	28	28
-209	28	29
-209	28	30
-205	28	31
-209	28	32
-214	28	33
-214	28	34
-213	28	35
-214	28	36
-215	28	37
-213	28	38
-211	28	39
-210	28	40
-207	28	41
-205	28	42
-207	28	43
-209	28	44
-212	28	45
-211	28	46
-208	28	47
-210	28	48
-206	28	49
-204	28	50
-200	28	51
-202	28	52
-199	28	53
-194	28	54
-194	28	55
-195	28	56
-199	28	57
-200	28	58
-200	28	59
-201	28	60
-204	28	61
-210	28	62
-211	28	63
-212	28	64
-209	28	65
-208	28	66
-210	28	67
-210	28	68
-207	28	69
-206	28	70
-203	28	71
-201	28	72
-225	29	0
-223	29	1
-222	29	2
-221	29	3
-219	29	4
-220	29	5
-218	29	6
-217	29	7
-218	29	8
-222	29	9
-222	29	10
-218	29	11
-221	29	12
-219	29	13
-227	29	14
-231	29	15
-230	29	16
-225	29	17
-220	29	18
-215	29	19
-210	29	20
-209	29	21
-213	29	22
-209	29	23
-207	29	24
-205	29	25
-203	29	26
-204	29	27
-202	29	28
-200	29	29
-195	29	30
-196	29	31
-203	29	32
-201	29	33
-204	29	34
-205	29	35
-200	29	36
-201	29	37
-202	29	38
-200	29	39
-207	29	40
-209	29	41
-210	29	42
-210	29	43
-211	29	44
-210	29	45
-212	29	46
-214	29	47
-219	29	48
-218	29	49
-215	29	50
-216	29	51
-216	29	52
-216	29	53
-215	29	54
-215	29	55
-214	29	56
-213	29	57
-205	29	58
-201	29	59
-201	29	60
-204	29	61
-210	29	62
-211	29	63
-205	29	64
-200	29	65
-195	29	66
-195	29	67
-196	29	68
-197	29	69
-198	29	70
-198	29	71
-198	29	72
-210	30	0
-209	30	1
-208	30	2
-212	30	3
-216	30	4
-215	30	5
-213	30	6
-216	30	7
-218	30	8
-216	30	9
-213	30	10
-213	30	11
-212	30	12
-216	30	13
-216	30	14
-213	30	15
-211	30	16
-209	30	17
-205	30	18
-203	30	19
-200	30	20
-199	30	21
-201	30	22
-204	30	23
-204	30	24
-202	30	25
-201	30	26
-201	30	27
-204	30	28
-200	30	29
-202	30	30
-206	30	31
-211	30	32
-215	30	33
-214	30	34
-214	30	35
-212	30	36
-210	30	37
-207	30	38
-210	30	39
-211	30	40
-211	30	41
-206	30	42
-209	30	43
-212	30	44
-211	30	45
-208	30	46
-210	30	47
-208	30	48
-209	30	49
-209	30	50
-213	30	51
-218	30	52
-220	30	53
-220	30	54
-215	30	55
-208	30	56
-207	30	57
-207	30	58
-205	30	59
-210	30	60
-214	30	61
-216	30	62
-214	30	63
-209	30	64
-202	30	65
-200	30	66
-202	30	67
-206	30	68
-204	30	69
-212	30	70
-206	30	71
-204	30	72
-199	31	0
-194	31	1
-194	31	2
-186	31	3
-182	31	4
-182	31	5
-181	31	6
-186	31	7
-191	31	8
-191	31	9
-197	31	10
-199	31	11
-198	31	12
-205	31	13
-212	31	14
-213	31	15
-211	31	16
-212	31	17
-214	31	18
-206	31	19
-205	31	20
-202	31	21
-202	31	22
-206	31	23
-212	31	24
-215	31	25
-215	31	26
-214	31	27
-217	31	28
-221	31	29
-221	31	30
-220	31	31
-221	31	32
-216	31	33
-217	31	34
-212	31	35
-213	31	36
-213	31	37
-215	31	38
-212	31	39
-215	31	40
-218	31	41
-218	31	42
-217	31	43
-214	31	44
-218	31	45
-213	31	46
-213	31	47
-214	31	48
-211	31	49
-213	31	50
-212	31	51
-209	31	52
-208	31	53
-197	31	54
-197	31	55
-204	31	56
-202	31	57
-205	31	58
-205	31	59
-207	31	60
-204	31	61
-201	31	62
-200	31	63
-196	31	64
-197	31	65
-201	31	66
-197	31	67
-197	31	68
-198	31	69
-202	31	70
-206	31	71
-206	31	72
-199	32	0
-201	32	1
-203	32	2
-198	32	3
-203	32	4
-208	32	5
-209	32	6
-212	32	7
-214	32	8
-215	32	9
-218	32	10
-217	32	11
-222	32	12
-221	32	13
-214	32	14
-212	32	15
-209	32	16
-213	32	17
-208	32	18
-210	32	19
-213	32	20
-213	32	21
-210	32	22
-211	32	23
-213	32	24
-212	32	25
-210	32	26
-213	32	27
-213	32	28
-214	32	29
-216	32	30
-220	32	31
-220	32	32
-219	32	33
-215	32	34
-216	32	35
-218	32	36
-218	32	37
-216	32	38
-219	32	39
-221	32	40
-223	32	41
-221	32	42
-215	32	43
-218	32	44
-216	32	45
-216	32	46
-222	32	47
-224	32	48
-225	32	49
-225	32	50
-223	32	51
-223	32	52
-221	32	53
-217	32	54
-218	32	55
-222	32	56
-226	32	57
-224	32	58
-221	32	59
-216	32	60
-217	32	61
-221	32	62
-217	32	63
-214	32	64
-209	32	65
-200	32	66
-200	32	67
-207	32	68
-209	32	69
-207	32	70
-206	32	71
-205	32	72
-195	33	0
-198	33	1
-198	33	2
-200	33	3
-196	33	4
-198	33	5
-195	33	6
-203	33	7
-206	33	8
-206	33	9
-208	33	10
-205	33	11
-206	33	12
-206	33	13
-202	33	14
-202	33	15
-202	33	16
-198	33	17
-196	33	18
-196	33	19
-196	33	20
-196	33	21
-198	33	22
-198	33	23
-196	33	24
-196	33	25
-221	33	26
-216	33	27
-217	33	28
-213	33	29
-217	33	30
-217	33	31
-213	33	32
-213	33	33
-213	33	34
-213	33	35
-207	33	36
-210	33	37
-211	33	38
-213	33	39
-216	33	40
-216	33	41
-216	33	42
-217	33	43
-216	33	44
-217	33	45
-222	33	46
-222	33	47
-220	33	48
-218	33	49
-212	33	50
-213	33	51
-216	33	52
-216	33	53
-218	33	54
-217	33	55
-212	33	56
-215	33	57
-212	33	58
-217	33	59
-219	33	60
-220	33	61
-218	33	62
-215	33	63
-215	33	64
-209	33	65
-208	33	66
-204	33	67
-201	33	68
-200	33	69
-199	33	70
-203	33	71
-204	33	72
-188	34	0
-190	34	1
-188	34	2
-188	34	3
-190	34	4
-190	34	5
-186	34	6
-182	34	7
-185	34	8
-186	34	9
-188	34	10
-190	34	11
-188	34	12
-186	34	13
-188	34	14
-182	34	15
-182	34	16
-178	34	17
-176	34	18
-176	34	19
-176	34	20
-178	34	21
-180	34	22
-178	34	23
-176	34	24
-174	34	25
-204	34	26
-206	34	27
-207	34	28
-208	34	29
-212	34	30
-213	34	31
-213	34	32
-209	34	33
-205	34	34
-202	34	35
-204	34	36
-210	34	37
-215	34	38
-216	34	39
-220	34	40
-215	34	41
-220	34	42
-224	34	43
-215	34	44
-221	34	45
-215	34	46
-213	34	47
-213	34	48
-213	34	49
-216	34	50
-215	34	51
-217	34	52
-217	34	53
-220	34	54
-211	34	55
-208	34	56
-208	34	57
-210	34	58
-209	34	59
-207	34	60
-210	34	61
-215	34	62
-218	34	63
-217	34	64
-213	34	65
-213	34	66
-216	34	67
-219	34	68
-221	34	69
-221	34	70
-218	34	71
-215	34	72
-167	35	0
-167	35	1
-161	35	2
-160	35	3
-160	35	4
-160	35	5
-160	35	6
-158	35	7
-156	35	8
-161	35	9
-162	35	10
-164	35	11
-164	35	12
-164	35	13
-164	35	14
-162	35	15
-162	35	16
-160	35	17
-158	35	18
-158	35	19
-158	35	20
-160	35	21
-162	35	22
-162	35	23
-156	35	24
-154	35	25
-207	35	26
-205	35	27
-203	35	28
-205	35	29
-209	35	30
-211	35	31
-208	35	32
-204	35	33
-204	35	34
-212	35	35
-212	35	36
-210	35	37
-209	35	38
-206	35	39
-206	35	40
-205	35	41
-208	35	42
-207	35	43
-206	35	44
-207	35	45
-203	35	46
-204	35	47
-208	35	48
-213	35	49
-216	35	50
-215	35	51
-219	35	52
-221	35	53
-223	35	54
-224	35	55
-221	35	56
-219	35	57
-214	35	58
-214	35	59
-211	35	60
-209	35	61
-213	35	62
-210	35	63
-221	35	64
-217	35	65
-217	35	66
-214	35	67
-210	35	68
-209	35	69
-208	35	70
-207	35	71
-204	35	72

Best result and coordinate for part and news
S	N	M
------------------
300	8	0


Starting alignment for news-2 and part
File news-2 was read successfully
Finished alignment with 2556 sequences
S	N	M
------------------
-123	0	0
-129	0	1
-133	0	2
-137	0	3
-136	0	4
-142	0	5
-140	0	6
-136	0	7
-143	0	8
-143	0	9
-146	0	10
-147	0	11
-151	0	12
-156	0	13
-153	0	14
-154	0	15
-152	0	16
-154	0	17
-150	0	18
-152	0	19
-152	0	20
-158	0	21
-156	0	22
-135	0	23
-137	0	24
-143	0	25
-151	0	26
-156	0	27
-155	0	28
-148	0	29
-146	0	30
-148	0	31
-147	0	32
-149	0	33
-153	0	34
-151	0	35
-153	0	36
-148	0	37
-151	0	38
-154	0	39
-142	0	40
-139	0	41
-139	0	42
-135	0	43
-139	0	44
-141	0	45
-137	0	46
-139	0	47
-136	0	48
-134	0	49
-134	0	50
-132	0	51
-138	0	52
-140	0	53
-142	0	54
-140	0	55
-140	0	56
-136	0	57
-136	0	58
-141	0	59
-142	0	60
-142	0	61
-146	0	62
-150	0	63
-150	0	64
-152	0	65
-150	0	66
-154	0	67
-154	0	68
-148	0	69
-179	0	70
-110	1	0
-115	1	1
-119	1	2
-126	1	3
-129	1	4
-138	1	5
-140	1	6
-142	1	7
-144	1	8
-149	1	9
-152	1	10
-158	1	11
-163	1	12
-167	1	13
-166	1	14
-169	1	15
-168	1	16
-173	1	17
-176	1	18
-178	1	19
-177	1	20
-177	1	21
-176	1	22
-123	1	23
-127	1	24
-135	1	25
-143	1	26
-147	1	27
-151	1	28
-151	1	29
-149	1	30
-149	1	31
-147	1	32
-148	1	33
-146	1	34
-151	1	35
-150	1	36
-149	1	37
-151	1	38
-152	1	39
-139	1	40
-136	1	41
-134	1	42
-132	1	43
-135	1	44
-140	1	45
-139	1	46
-146	1	47
-148	1	48
-143	1	49
-143	1	50
-143	1	51
-149	1	52
-151	1	53
-154	1	54
-147	1	55
-146	1	56
-149	1	57
-152	1	58
-153	1	59
-151	1	60
-155	1	61
-155	1	62
-158	1	63
-156	1	64
-159	1	65
-163	1	66
-161	1	67
-160	1	68
-156	1	69
-156	1	70
-108	2	0
-116	2	1
-121	2	2
-128	2	3
-133	2	4
-139	2	5
-141	2	6
-147	2	7
-155	2	8
-158	2	9
-161	2	10
-166	2	11
-168	2	12
-172	2	13
-172	2	14
-180	2	15
-186	2	16
-190	2	17
-193	2	18
-195	2	19
-201	2	20
-207	2	21
-209	2	22
-132	2	23
-138	2	24
-140	2	25
-148	2	26
-150	2	27
-154	2	28
-157	2	29
-156	2	30
-158	2	31
-159	2	32
-161	2	33
-160	2	34
-156	2	35
-161	2	36
-163	2	37
-159	2	38
-156	2	39
-142	2	40
-141	2	41
-141	2	42
-139	2	43
-147	2	44
-151	2	45
-151	2	46
-158	2	47
-164	2	48
-164	2	49
-165	2	50
-167	2	51
-171	2	52
-176	2	53
-178	2	54
-162	2	55
-165	2	56
-162	2	57
-158	2	58
-152	2	59
-152	2	60
-156	2	61
-160	2	62
-162	2	63
-158	2	64
-154	2	65
-156	2	66
-154	2	67
-150	2	68
-143	2	69
-143	2	70
-101	3	0
-105	3	1
-112	3	2
-116	3	3
-116	3	4
-121	3	5
-125	3	6
-124	3	7
-127	3	8
-131	3	9
-133	3	10
-135	3	11
-140	3	12
-147	3	13
-152	3	14
-159	3	15
-161	3	16
-164	3	17
-165	3	18
-170	3	19
-171	3	20
-173	3	21
-175	3	22
-155	3	23
-159	3	24
-164	3	25
-170	3	26
-179	3	27
-180	3	28
-182	3	29
-180	3	30
-183	3	31
-186	3	32
-184	3	33
-188	3	34
-189	3	35
-192	3	36
-190	3	37
-187	3	38
-187	3	39
-175	3	40
-182	3	41
-182	3	42
-188	3	43
-195	3	44
-196	3	45
-201	3	46
-202	3	47
-199	3	48
-199	3	49
-198	3	50
-194	3	51
-195	3	52
-200	3	53
-205	3	54
-162	3	55
-162	3	56
-154	3	57
-148	3	58
-147	3	59
-148	3	60
-146	3	61
-144	3	62
-140	3	63
-137	3	64
-136	3	65
-144	3	66
-145	3	67
-141	3	68
-136	3	69
-137	3	70
-73	4	0
-78	4	1
-87	4	2
-98	4	3
-99	4	4
-103	4	5
-107	4	6
-113	4	7
-118	4	8
-125	4	9
-131	4	10
-135	4	11
-145	4	12
-149	4	13
-157	4	14
-164	4	15
-167	4	16
-172	4	17
-179	4	18
-185	4	19
-194	4	20
-200	4	21
-202	4	22
-204	4	23
-203	4	24
-201	4	25
-203	4	26
-208	4	27
-205	4	28
-206	4	29
-206	4	30
-202	4	31
-205	4	32
-202	4	33
-199	4	34
-203	4	35
-204	4	36
-205	4	37
-210	4	38
-216	4	39
-215	4	40
-213	4	41
-214	4	42
-216	4	43
-212	4	44
-207	4	45
-206	4	46
-210	4	47
-213	4	48
-215	4	49
-211	4	50
-211	4	51
-208	4	52
-207	4	53
-205	4	54
-156	4	55
-152	4	56
-146	4	57
-143	4	58
-145	4	59
-147	4	60
-148	4	61
-149	4	62
-148	4	63
-145	4	64
-147	4	65
-147	4	66
-147	4	67
-143	4	68
-147	4	69
-148	4	70
-120	5	0
-131	5	1
-138	5	2
-144	5	3
-154	5	4
-162	5	5
-171	5	6
-178	5	7
-185	5	8
-193	5	9
-199	5	10
-207	5	11
-215	5	12
-210	5	13
-206	5	14
-205	5	15
-208	5	16
-201	5	17
-207	5	18
-203	5	19
-198	5	20
-199	5	21
-200	5	22
-197	5	23
-197	5	24
-200	5	25
-199	5	26
-202	5	27
-203	5	28
-210	5	29
-210	5	30
-204	5	31
-206	5	32
-209	5	33
-213	5	34
-210	5	35
-211	5	36
-209	5	37
-206	5	38
-206	5	39
-205	5	40
-208	5	41
-207	5	42
-198	5	43
-197	5	44
-199	5	45
-199	5	46
-199	5	47
-205	5	48
-200	5	49
-202	5	50
-202	5	51
-208	5	52
-210	5	53
-213	5	54
-170	5	55
-170	5	56
-172	5	57
-168	5	58
-164	5	59
-162	5	60
-162	5	61
-164	5	62
-166	5	63
-166	5	64
-164	5	65
-162	5	66
-166	5	67
-165	5	68
-164	5	69
-161	5	70
-219	6	0
-215	6	1
-220	6	2
-217	6	3
-219	6	4
-221	6	5
-220	6	6
-218	6	7
-227	6	8
-224	6	9
-221	6	10
-211	6	11
-211	6	12
-216	6	13
-214	6	14
-215	6	15
-208	6	16
-209	6	17
-213	6	18
-208	6	19
-207	6	20
-203	6	21
-207	6	22
-203	6	23
-203	6	24
-204	6	25
-205	6	26
-208	6	27
-210	6	28
-208	6	29
-203	6	30
-200	6	31
-202	6	32
-206	6	33
-209	6	34
-208	6	35
-212	6	36
-211	6	37
-214	6	38
-214	6	39
-216	6	40
-219	6	41
-218	6	42
-213	6	43
-212	6	44
-211	6	45
-204	6	46
-203	6	47
-203	6	48
-206	6	49
-209	6	50
-208	6	51
-202	6	52
-201	6	53
-200	6	54
-176	6	55
-176	6	56
-177	6	57
-173	6	58
-171	6	59
-169	6	60
-172	6	61
-177	6	62
-181	6	63
-183	6	64
-184	6	65
-183	6	66
-188	6	67
-186	6	68
-181	6	69
-184	6	70
-213	7	0
-215	7	1
-212	7	2
-214	7	3
-213	7	4
-214	7	5
-213	7	6
-209	7	7
-210	7	8
-206	7	9
-200	7	10
-194	7	11
-189	7	12
-195	7	13
-199	7	14
-201	7	15
-206	7	16
-209	7	17
-211	7	18
-209	7	19
-208	7	20
-208	7	21
-208	7	22
-213	7	23
-210	7	24
-206	7	25
-204	7	26
-209	7	27
-211	7	28
-210	7	29
-214	7	30
-213	7	31
-217	7	32
-216	7	33
-215	7	34
-214	7	35
-212	7	36
-209	7	37
-210	7	38
-208	7	39
-213	7	40
-216	7	41
-215	7	42
-212	7	43
-213	7	44
-210	7	45
-205	7	46
-213	7	47
-212	7	48
-212	7	49
-213	7	50
-214	7	51
-209	7	52
-208	7	53
-208	7	54
-206	7	55
-207	7	56
-207	7	57
-206	7	58
-203	7	59
-204	7	60
-207	7	61
-207	7	62
-205	7	63
-198	7	64
-193	7	65
-196	7	66
-199	7	67
-199	7	68
-195	7	69
-196	7	70
-212	8	0
-213	8	1
-211	8	2
-207	8	3
-203	8	4
-204	8	5
-198	8	6
-201	8	7
-202	8	8
-209	8	9
-214	8	10
-211	8	11
-207	8	12
-214	8	13
-218	8	14
-221	8	15
-224	8	16
-221	8	17
-217	8	18
-219	8	19
-219	8	20
-218	8	21
-223	8	22
-221	8	23
-222	8	24
-220	8	25
-217	8	26
-219	8	27
-215	8	28
-213	8	29
-214	8	30
-213	8	31
-217	8	32
-217	8	33
-216	8	34
-217	8	35
-214	8	36
-215	8	37
-209	8	38
-208	8	39
-214	8	40
-217	8	41
-218	8	42
-222	8	43
-220	8	44
-212	8	45
-214	8	46
-217	8	47
-223	8	48
-220	8	49
-217	8	50
-214	8	51
-212	8	52
-209	8	53
-210	8	54
-209	8	55
-208	8	56
-216	8	57
-215	8	58
-211	8	59
-215	8	60
-215	8	61
-218	8	62
-218	8	63
-214	8	64
-213	8	65
-209	8	66
-205	8	67
-206	8	68
-203	8	69
-196	8	70
-206	9	0
-209	9	1
-212	9	2
-217	9	3
-217	9	4
-212	9	5
-212	9	6
-211	9	7
-211	9	8
-208	9	9
-206	9	10
-208	9	11
-208	9	12
-206	9	13
-203	9	14
-199	9	15
-193	9	16
-194	9	17
-193	9	18
-200	9	19
-197	9	20
-201	9	21
-204	9	22
-206	9	23
-209	9	24
-206	9	25
-205	9	26
-208	9	27
-210	9	28
-208	9	29
-209	9	30
-209	9	31
-210	9	32
-212	9	33
-207	9	34
-205	9	35
-209	9	36
-208	9	37
-205	9	38
-202	9	39
-201	9	40
-204	9	41
-206	9	42
-206	9	43
-209	9	44
-215	9	45
-217	9	46
-220	9	47
-219	9	48
-218	9	49
-214	9	50
-214	9	51
-217	9	52
-217	9	53
-212	9	54
-209	9	55
-205	9	56
-206	9	57
-206	9	58
-203	9	59
-207	9	60
-210	9	61
-215	9	62
-212	9	63
-213	9	64
-213	9	65
-216	9	66
-215	9	67
-216	9	68
-216	9	69
-210	9	70
-203	10	0
-203	10	1
-200	10	2
-203	10	3
-200	10	4
-202	10	5
-200	10	6
-204	10	7
-205	10	8
-205	10	9
-209	10	10
-205	10	11
-204	10	12
-209	10	13
-213	10	14
-214	10	15
-213	10	16
-210	10	17
-206	10	18
-200	10	19
-201	10	20
-203	10	21
-204	10	22
-209	10	23
-216	10	24
-215	10	25
-217	10	26
-214	10	27
-214	10	28
-217	10	29
-218	10	30
-214	10	31
-213	10	32
-212	10	33
-215	10	34
-214	10	35
-211	10	36
-216	10	37
-215	10	38
-212	10	39
-215	10	40
-213	10	41
-211	10	42
-217	10	43
-214	10	44
-212	10	45
-212	10	46
-207	10	47
-203	10	48
-199	10	49
-200	10	50
-200	10	51
-203	10	52
-200	10	53
-197	10	54
-194	10	55
-188	10	56
-191	10	57
-192	10	58
-196	10	59
-199	10	60
-207	10	61
-207	10	62
-208	10	63
-203	10	64
-200	10	65
-199	10	66
-199	10	67
-199	10	68
-199	10	69
-199	10	70
-204	11	0
-205	11	1
-203	11	2
-202	11	3
-205	11	4
-208	11	5
-207	11	6
-207	11	7
-208	11	8
-212	11	9
-213	11	10
-211	11	11
-216	11	12
-214	11	13
-212	11	14
-212	11	15
-209	11	16
-210	11	17
-209	11	18
-210	11	19
-212	11	20
-215	11	21
-217	11	22
-218	11	23
-219	11	24
-215	11	25
-216	11	26
-210	11	27
-208	11	28
-209	11	29
-214	11	30
-217	11	31
-220	11	32
-219	11	33
-220	11	34
-222	11	35
-227	11	36
-226	11	37
-223	11	38
-227	11	39
-228	11	40
-225	11	41
-225	11	42
-225	11	43
-222	11	44
-223	11	45
-219	11	46
-218	11	47
-216	11	48
-218	11	49
-217	11	50
-217	11	51
-212	11	52
-210	11	53
-210	11	54
-206	11	55
-208	11	56
-211	11	57
-208	11	58
-204	11	59
-204	11	60
-204	11	61
-202	11	62
-200	11	63
-200	11	64
-202	11	65
-202	11	66
-200	11	67
-198	11	68
-198	11	69
-198	11	70
-145	12	0
-147	12	1
-151	12	2
-148	12	3
-147	12	4
-153	12	5
-159	12	6
-161	12	7
-163	12	8
-167	12	9
-162	12	10
-161	12	11
-166	12	12
-166	12	13
-173	12	14
-175	12	15
-179	12	16
-182	12	17
-183	12	18
-183	12	19
-187	12	20
-189	12	21
-191	12	22
-194	12	23
-196	12	24
-201	12	25
-206	12	26
-207	12	27
-214	12	28
-216	12	29
-219	12	30
-223	12	31
-224	12	32
-215	12	33
-210	12	34
-212	12	35
-216	12	36
-216	12	37
-214	12	38
-219	12	39
-222	12	40
-221	12	41
-223	12	42
-222	12	43
-223	12	44
-223	12	45
-218	12	46
-213	12	47
-212	12	48
-205	12	49
-208	12	50
-211	12	51
-214	12	52
-206	12	53
-209	12	54
-180	12	55
-184	12	56
-188	12	57
-186	12	58
-182	12	59
-180	12	60
-180	12	61
-178	12	62
-174	12	63
-178	12	64
-178	12	65
-178	12	66
-176	12	67
-174	12	68
-172	12	69
-172	12	70
-117	13	0
-118	13	1
-123	13	2
-132	13	3
-135	13	4
-140	13	5
-140	13	6
-143	13	7
-149	13	8
-153	13	9
-154	13	10
-161	13	11
-164	13	12
-172	13	13
-173	13	14
-173	13	15
-179	13	16
-181	13	17
-185	13	18
-190	13	19
-202	13	20
-211	13	21
-216	13	22
-221	13	23
-215	13	24
-217	13	25
-211	13	26
-208	13	27
-211	13	28
-213	13	29
-209	13	30
-208	13	31
-211	13	32
-214	13	33
-214	13	34
-212	13	35
-210	13	36
-210	13	37
-206	13	38
-212	13	39
-210	13	40
-204	13	41
-205	13	42
-207	13	43
-207	13	44
-206	13	45
-208	13	46
-208	13	47
-208	13	48
-205	13	49
-202	13	50
-197	13	51
-200	13	52
-197	13	53
-194	13	54
-168	13	55
-168	13	56
-170	13	57
-166	13	58
-164	13	59
-160	13	60
-158	13	61
-162	13	62
-162	13	63
-162	13	64
-162	13	65
-164	13	66
-163	13	67
-168	13	68
-168	13	69
-170	13	70
-148	14	0
-150	14	1
-152	14	2
-164	14	3
-172	14	4
-181	14	5
-184	14	6
-190	14	7
-194	14	8
-201	14	9
-207	14	10
-209	14	11
-213	14	12
-215	14	13
-216	14	14
-214	14	15
-214	14	16
-204	14	17
-201	14	18
-199	14	19
-200	14	20
-204	14	21
-202	14	22
-208	14	23
-212	14	24
-214	14	25
-209	14	26
-215	14	27
-214	14	28
-212	14	29
-216	14	30
-219	14	31
-220	14	32
-219	14	33
-216	14	34
-210	14	35
-207	14	36
-206	14	37
-205	14	38
-207	14	39
-203	14	40
-201	14	41
-201	14	42
-204	14	43
-205	14	44
-206	14	45
-208	14	46
-210	14	47
-210	14	48
-215	14	49
-210	14	50
-205	14	51
-204	14	52
-203	14	53
-194	14	54
-155	14	55
-157	14	56
-159	14	57
-153	14	58
-152	14	59
-152	14	60
-152	14	61
-150	14	62
-150	14	63
-150	14	64
-151	14	65
-151	14	66
-151	14	67
-151	14	68
-155	14	69
-155	14	70
-121	15	0
-126	15	1
-123	15	2
-127	15	3
-132	15	4
-135	15	5
-136	15	6
-137	15	7
-140	15	8
-144	15	9
-149	15	10
-156	15	11
-160	15	12
-161	15	13
-161	15	14
-164	15	15
-169	15	16
-168	15	17
-168	15	18
-174	15	19
-182	15	20
-191	15	21
-191	15	22
-190	15	23
-198	15	24
-203	15	25
-209	15	26
-211	15	27
-213	15	28
-221	15	29
-225	15	30
-219	15	31
-216	15	32
-218	15	33
-222	15	34
-226	15	35
-216	15	36
-215	15	37
-216	15	38
-219	15	39
-213	15	40
-212	15	41
-212	15	42
-212	15	43
-210	15	44
-211	15	45
-214	15	46
-213	15	47
-213	15	48
-205	15	49
-201	15	50
-199	15	51
-199	15	52
-200	15	53
-202	15	54
-143	15	55
-147	15	56
-151	15	57
-148	15	58
-150	15	59
-146	15	60
-147	15	61
-144	15	62
-144	15	63
-148	15	64
-150	15	65
-152	15	66
-152	15	67
-148	15	68
-148	15	69
-153	15	70
-5	16	0
-18	16	1
-26	16	2
-37	16	3
-46	16	4
-52	16	5
-61	16	6
-67	16	7
-77	16	8
-86	16	9
-93	16	10
-101	16	11
-110	16	12
-120	16	13
-132	16	14
-141	16	15
-150	16	16
-164	16	17
-175	16	18
-187	16	19
-191	16	20
-188	16	21
-189	16	22
-194	16	23
-195	16	24
-199	16	25
-199	16	26
-198	16	27
-200	16	28
-200	16	29
-202	16	30
-207	16	31
-206	16	32
-202	16	33
-202	16	34
-198	16	35
-200	16	36
-199	16	37
-202	16	38
-201	16	39
-201	16	40
-203	16	41
-202	16	42
-203	16	43
-205	16	44
-203	16	45
-196	16	46
-204	16	47
-205	16	48
-202	16	49
-197	16	50
-192	16	51
-191	16	52
-189	16	53
-190	16	54
-140	16	55
-140	16	56
-144	16	57
-145	16	58
-145	16	59
-141	16	60
-143	16	61
-139	16	62
-146	16	63
-153	16	64
-152	16	65
-152	16	66
-152	16	67
-154	16	68
-156	16	69
-158	16	70
-75	17	0
-86	17	1
-92	17	2
-98	17	3
-108	17	4
-119	17	5
-129	17	6
-137	17	7
-143	17	8
-153	17	9
-158	17	10
-175	17	11
-189	17	12
-193	17	13
-192	17	14
-191	17	15
-196	17	16
-196	17	17
-193	17	18
-197	17	19
-199	17	20
-195	17	21
-197	17	22
-196	17	23
-193	17	24
-197	17	25
-207	17	26
-211	17	27
-213	17	28
-214	17	29
-213	17	30
-208	17	31
-207	17	32
-206	17	33
-204	17	34
-200	17	35
-203	17	36
-205	17	37
-202	17	38
-204	17	39
-207	17	40
-204	17	41
-201	17	42
-203	17	43
-205	17	44
-198	17	45
-205	17	46
-209	17	47
-214	17	48
-219	17	49
-218	17	50
-215	17	51
-210	17	52
-213	17	53
-213	17	54
-169	17	55
-166	17	56
-164	17	57
-164	17	58
-165	17	59
-166	17	60
-166	17	61
-160	17	62
-160	17	63
-165	17	64
-165	17	65
-169	17	66
-171	17	67
-172	17	68
-171	17	69
-169	17	70
-144	18	0
-153	18	1
-160	18	2
-171	18	3
-182	18	4
-193	18	5
-206	18	6
-214	18	7
-211	18	8
-208	18	9
-206	18	10
-206	18	11
-207	18	12
-206	18	13
-207	18	14
-213	18	15
-222	18	16
-222	18	17
-220	18	18
-215	18	19
-215	18	20
-217	18	21
-215	18	22
-211	18	23
-209	18	24
-208	18	25
-206	18	26
-204	18	27
-208	18	28
-207	18	29
-203	18	30
-200	18	31
-195	18	32
-188	18	33
-193	18	34
-191	18	35
-202	18	36
-204	18	37
-202	18	38
-205	18	39
-207	18	40
-211	18	41
-210	18	42
-212	18	43
-217	18	44
-214	18	45
-213	18	46
-209	18	47
-205	18	48
-212	18	49
-208	18	50
-209	18	51
-206	18	52
-207	18	53
-204	18	54
-187	18	55
-186	18	56
-186	18	57
-185	18	58
-181	18	59
-183	18	60
-185	18	61
-177	18	62
-177	18	63
-179	18	64
-177	18	65
-187	18	66
-183	18	67
-186	18	68
-191	18	69
-195	18	70
-200	19	0
-200	19	1
-200	19	2
-203	19	3
-212	19	4
-216	19	5
-214	19	6
-208	19	7
-207	19	8
-209	19	9
-209	19	10
-210	19	11
-206	19	12
-202	19	13
-203	19	14
-207	19	15
-205	19	16
-204	19	17
-203	19	18
-201	19	19
-207	19	20
-206	19	21
-211	19	22
-214	19	23
-209	19	24
-214	19	25
-211	19	26
-212	19	27
-217	19	28
-222	19	29
-221	19	30
-223	19	31
-218	19	32
-214	19	33
-217	19	34
-218	19	35
-213	19	36
-213	19	37
-215	19	38
-219	19	39
-221	19	40
-224	19	41
-222	19	42
-212	19	43
-210	19	44
-214	19	45
-222	19	46
-213	19	47
-215	19	48
-214	19	49
-211	19	50
-212	19	51
-213	19	52
-215	19	53
-217	19	54
-215	19	55
-213	19	56
-212	19	57
-212	19	58
-207	19	59
-205	19	60
-207	19	61
-203	19	62
-203	19	63
-199	19	64
-203	19	65
-206	19	66
-205	19	67
-203	19	68
-201	19	69
-203	19	70
-201	20	0
-199	20	1
-204	20	2
-203	20	3
-202	20	4
-205	20	5
-208	20	6
-204	20	7
-201	20	8
-197	20	9
-199	20	10
-199	20	11
-199	20	12
-200	20	13
-202	20	14
-204	20	15
-200	20	16
-203	20	17
-203	20	18
-207	20	19
-204	20	20
-206	20	21
-210	20	22
-211	20	23
-211	20	24
-211	20	25
-209	20	26
-210	20	27
-208	20	28
-207	20	29
-206	20	30
-202	20	31
-202	20	32
-202	20	33
-207	20	34
-213	20	35
-206	20	36
-205	20	37
-209	20	38
-210	20	39
-208	20	40
-209	20	41
-209	20	42
-216	20	43
-222	20	44
-215	20	45
-217	20	46
-215	20	47
-209	20	48
-212	20	49
-217	20	50
-222	20	51
-223	20	52
-221	20	53
-215	20	54
-214	20	55
-208	20	56
-212	20	57
-212	20	58
-215	20	59
-217	20	60
-209	20	61
-205	20	62
-207	20	63
-213	20	64
-209	20	65
-208	20	66
-198	20	67
-204	20	68
-206	20	69
-204	20	70
-200	21	0
-205	21	1
-210	21	2
-206	21	3
-208	21	4
-210	21	5
-212	21	6
-208	21	7
-207	21	8
-211	21	9
-208	21	10
-207	21	11
-206	21	12
-207	21	13
-207	21	14
-211	21	15
-211	21	16
-215	21	17
-213	21	18
-205	21	19
-204	21	20
-208	21	21
-204	21	22
-201	21	23
-198	21	24
-198	21	25
-202	21	26
-202	21	27
-201	21	28
-203	21	29
-206	21	30
-200	21	31
-197	21	32
-199	21	33
-205	21	34
-206	21	35
-205	21	36
-207	21	37
-207	21	38
-206	21	39
-204	21	40
-203	21	41
-198	21	42
-198	21	43
-198	21	44
-199	21	45
-207	21	46
-206	21	47
-205	21	48
-206	21	49
-208	21	50
-208	21	51
-207	21	52
-210	21	53
-210	21	54
-207	21	55
-203	21	56
-207	21	57
-205	21	58
-201	21	59
-199	21	60
-193	21	61
-192	21	62
-200	21	63
-197	21	64
-204	21	65
-203	21	66
-209	21	67
-214	21	68
-211	21	69
-211	21	70
-212	22	0
-207	22	1
-204	22	2
-196	22	3
-197	22	4
-201	22	5
-203	22	6
-203	22	7
-200	22	8
-204	22	9
-203	22	10
-204	22	11
-204	22	12
-203	22	13
-203	22	14
-205	22	15
-209	22	16
-206	22	17
-203	22	18
-201	22	19
-197	22	20
-197	22	21
-196	22	22
-200	22	23
-199	22	24
-207	22	25
-209	22	26
-205	22	27
-202	22	28
-200	22	29
-201	22	30
-197	22	31
-199	22	32
-202	22	33
-205	22	34
-211	22	35
-210	22	36
-208	22	37
-208	22	38
-205	22	39
-201	22	40
-199	22	41
-207	22	42
-209	22	43
-210	22	44
-210	22	45
-206	22	46
-204	22	47
-202	22	48
-202	22	49
-197	22	50
-191	22	51
-192	22	52
-195	22	53
-198	22	54
-201	22	55
-206	22	56
-209	22	57
-214	22	58
-211	22	59
-211	22	60
-205	22	61
-206	22	62
-210	22	63
-210	22	64
-211	22	65
-210	22	66
-205	22	67
-209	22	68
-211	22	69
-213	22	70
-216	23	0
-208	23	1
-212	23	2
-216	23	3
-215	23	4
-207	23	5
-210	23	6
-210	23	7
-206	23	8
-209	23	9
-212	23	10
-211	23	11
-205	23	12
-202	23	13
-200	23	14
-203	23	15
-206	23	16
-209	23	17
-206	23	18
-200	23	19
-200	23	20
-196	23	21
-196	23	22
-196	23	23
-200	23	24
-202	23	25
-202	23	26
-198	23	27
-198	23	28
-196	23	29
-196	23	30
-198	23	31
-198	23	32
-198	23	33
-191	23	34
-194	23	35
-198	23	36
-200	23	37
-196	23	38
-198	23	39
-194	23	40
-192	23	41
-192	23	42
-192	23	43
-190	23	44
-192	23	45
-192	23	46
-190	23	47
-188	23	48
-213	23	49
-212	23	50
-215	23	51
-215	23	52
-212	23	53
-209	23	54
-204	23	55
-205	23	56
-206	23	57
-206	23	58
-206	23	59
-205	23	60
-210	23	61
-206	23	62
-205	23	63
-205	23	64
-203	23	65
-206	23	66
-201	23	67
-201	23	68
-205	23	69
-202	23	70
-214	24	0
-212	24	1
-211	24	2
-211	24	3
-208	24	4
-207	24	5
-206	24	6
-202	24	7
-203	24	8
-208	24	9
-210	24	10
-207	24	11
-204	24	12
-199	24	13
-202	24	14
-200	24	15
-200	24	16
-198	24	17
-198	24	18
-172	24	19
-174	24	20
-175	24	21
-172	24	22
-176	24	23
-178	24	24
-178	24	25
-176	24	26
-174	24	27
-172	24	28
-174	24	29
-176	24	30
-180	24	31
-178	24	32
-176	24	33
-182	24	34
-180	24	35
-178	24	36
-176	24	37
-174	24	38
-172	24	39
-170	24	40
-168	24	41
-172	24	42
-172	24	43
-170	24	44
-170	24	45
-168	24	46
-170	24	47
-168	24	48
-210	24	49
-206	24	50
-209	24	51
-207	24	52
-208	24	53
-210	24	54
-212	24	55
-212	24	56
-212	24	57
-217	24	58
-215	24	59
-213	24	60
-210	24	61
-211	24	62
-214	24	63
-215	24	64
-214	24	65
-219	24	66
-215	24	67
-209	24	68
-206	24	69
-202	24	70
-203	25	0
-197	25	1
-196	25	2
-198	25	3
-196	25	4
-193	25	5
-193	25	6
-191	25	7
-194	25	8
-195	25	9
-191	25	10
-191	25	11
-192	25	12
-189	25	13
-190	25	14
-190	25	15
-198	25	16
-201	25	17
-200	25	18
-158	25	19
-160	25	20
-161	25	21
-158	25	22
-164	25	23
-168	25	24
-166	25	25
-162	25	26
-162	25	27
-160	25	28
-162	25	29
-166	25	30
-171	25	31
-165	25	32
-163	25	33
-164	25	34
-164	25	35
-162	25	36
-160	25	37
-158	25	38
-160	25	39
-158	25	40
-158	25	41
-156	25	42
-160	25	43
-156	25	44
-158	25	45
-158	25	46
-154	25	47
-157	25	48
-199	25	49
-204	25	50
-205	25	51
-210	25	52
-210	25	53
-211	25	54
-203	25	55
-198	25	56
-201	25	57
-201	25	58
-200	25	59
-201	25	60
-203	25	61
-205	25	62
-207	25	63
-204	25	64
-204	25	65
-210	25	66
-207	25	67
-208	25	68
-207	25	69
-202	25	70
-200	26	0
-199	26	1
-199	26	2
-201	26	3
-201	26	4
-201	26	5
-199	26	6
-205	26	7
-205	26	8
-208	26	9
-207	26	10
-209	26	11
-215	26	12
-215	26	13
-215	26	14
-216	26	15
-213	26	16
-214	26	17
-218	26	18
-144	26	19
-144	26	20
-142	26	21
-144	26	22
-150	26	23
-152	26	24
-152	26	25
-152	26	26
-152	26	27
-152	26	28
-150	26	29
-150	26	30
-158	26	31
-153	26	32
-155	26	33
-156	26	34
-160	26	35
-156	26	36
-154	26	37
-150	26	38
-151	26	39
-147	26	40
-147	26	41
-145	26	42
-150	26	43
-148	26	44
-150	26	45
-145	26	46
-145	26	47
-148	26	48
-199	26	49
-195	26	50
-195	26	51
-196	26	52
-196	26	53
-203	26	54
-202	26	55
-206	26	56
-209	26	57
-208	26	58
-208	26	59
-211	26	60
-208	26	61
-212	26	62
-211	26	63
-212	26	64
-219	26	65
-224	26	66
-219	26	67
-221	26	68
-219	26	69
-222	26	70
-205	27	0
-200	27	1
-201	27	2
-201	27	3
-204	27	4
-206	27	5
-211	27	6
-209	27	7
-203	27	8
-198	27	9
-202	27	10
-206	27	11
-209	27	12
-214	27	13
-214	27	14
-214	27	15
-216	27	16
-221	27	17
-222	27	18
-130	27	19
-132	27	20
-132	27	21
-136	27	22
-144	27	23
-142	27	24
-146	27	25
-146	27	26
-150	27	27
-148	27	28
-148	27	29
-148	27	30
-154	27	31
-155	27	32
-157	27	33
-156	27	34
-157	27	35
-160	27	36
-160	27	37
-154	27	38
-152	27	39
-150	27	40
-154	27	41
-154	27	42
-156	27	43
-154	27	44
-156	27	45
-156	27	46
-156	27	47
-154	27	48
-208	27	49
-208	27	50
-206	27	51
-210	27	52
-208	27	53
-211	27	54
-212	27	55
-208	27	56
-210	27	57
-208	27	58
-207	27	59
-205	27	60
-210	27	61
-202	27	62
-205	27	63
-206	27	64
-208	27	65
-208	27	66
-208	27	67
-210	27	68
-209	27	69
-211	27	70
-206	28	0
-202	28	1
-204	28	2
-204	28	3
-209	28	4
-207	28	5
-205	28	6
-198	28	7
-198	28	8
-197	28	9
-200	28	10
-204	28	11
-203	28	12
-201	28	13
-204	28	14
-206	28	15
-210	28	16
-211	28	17
-208	28	18
-137	28	19
-141	28	20
-142	28	21
-145	28	22
-151	28	23
-151	28	24
-151	28	25
-148	28	26
-149	28	27
-150	28	28
-153	28	29
-154	28	30
-154	28	31
-152	28	32
-151	28	33
-149	28	34
-154	28	35
-156	28	36
-150	28	37
-147	28	38
-148	28	39
-147	28	40
-151	28	41
-151	28	42
-151	28	43
-154	28	44
-154	28	45
-150	28	46
-148	28	47
-152	28	48
-192	28	49
-192	28	50
-195	28	51
-193	28	52
-193	28	53
-198	28	54
-200	28	55
-200	28	56
-199	28	57
-190	28	58
-194	28	59
-193	28	60
-192	28	61
-191	28	62
-194	28	63
-200	28	64
-203	28	65
-211	28	66
-212	28	67
-214	28	68
-218	28	69
-222	28	70
-195	29	0
-198	29	1
-203	29	2
-205	29	3
-201	29	4
-198	29	5
-197	29	6
-200	29	7
-200	29	8
-206	29	9
-208	29	10
-210	29	11
-212	29	12
-212	29	13
-214	29	14
-208	29	15
-207	29	16
-204	29	17
-206	29	18
-144	29	19
-150	29	20
-146	29	21
-146	29	22
-153	29	23
-158	29	24
-161	29	25
-159	29	26
-157	29	27
-159	29	28
-163	29	29
-165	29	30
-167	29	31
-167	29	32
-171	29	33
-170	29	34
-170	29	35
-168	29	36
-168	29	37
-162	29	38
-161	29	39
-164	29	40
-170	29	41
-171	29	42
-174	29	43
-176	29	44
-174	29	45
-175	29	46
-172	29	47
-169	29	48
-213	29	49
-218	29	50
-217	29	51
-217	29	52
-214	29	53
-207	29	54
-209	29	55
-209	29	56
-206	29	57
-209	29	58
-211	29	59
-211	29	60
-213	29	61
-214	29	62
-213	29	63
-214	29	64
-213	29	65
-215	29	66
-210	29	67
-211	29	68
-206	29	69
-205	29	70
-204	30	0
-210	30	1
-210	30	2
-211	30	3
-210	30	4
-212	30	5
-214	30	6
-209	30	7
-207	30	8
-213	30	9
-209	30	10
-209	30	11
-206	30	12
-204	30	13
-204	30	14
-203	30	15
-207	30	16
-206	30	17
-206	30	18
-168	30	19
-168	30	20
-168	30	21
-171	30	22
-171	30	23
-167	30	24
-168	30	25
-166	30	26
-169	30	27
-173	30	28
-181	30	29
-183	30	30
-187	30	31
-187	30	32
-186	30	33
-186	30	34
-184	30	35
-190	30	36
-192	30	37
-192	30	38
-197	30	39
-199	30	40
-200	30	41
-202	30	42
-200	30	43
-202	30	44
-204	30	45
-200	30	46
-201	30	47
-208	30	48
-207	30	49
-208	30	50
-208	30	51
-208	30	52
-211	30	53
-215	30	54
-215	30	55
-208	30	56
-209	30	57
-209	30	58
-212	30	59
-213	30	60
-211	30	61
-209	30	62
-213	30	63
-208	30	64
-208	30	65
-210	30	66
-210	30	67
-212	30	68
-216	30	69
-215	30	70
-140	31	0
-146	31	1
-150	31	2
-155	31	3
-157	31	4
-165	31	5
-165	31	6
-164	31	7
-165	31	8
-173	31	9
-180	31	10
-183	31	11
-193	31	12
-191	31	13
-194	31	14
-195	31	15
-196	31	16
-191	31	17
-195	31	18
-196	31	19
-201	31	20
-204	31	21
-197	31	22
-201	31	23
-204	31	24
-205	31	25
-205	31	26
-203	31	27
-199	31	28
-197	31	29
-201	31	30
-206	31	31
-211	31	32
-208	31	33
-206	31	34
-206	31	35
-210	31	36
-206	31	37
-202	31	38
-200	31	39
-200	31	40
-198	31	41
-195	31	42
-195	31	43
-195	31	44
-197	31	45
-194	31	46
-196	31	47
-200	31	48
-200	31	49
-202	31	50
-204	31	51
-203	31	52
-207	31	53
-204	31	54
-205	31	55
-208	31	56
-210	31	57
-208	31	58
-210	31	59
-208	31	60
-210	31	61
-213	31	62
-210	31	63
-210	31	64
-214	31	65
-217	31	66
-219	31	67
-219	31	68
-219	31	69
-219	31	70
-181	32	0
-179	32	1
-179	32	2
-185	32	3
-187	32	4
-195	32	5
-192	32	6
-197	32	7
-198	32	8
-205	32	9
-208	32	10
-203	32	11
-205	32	12
-207	32	13
-204	32	14
-202	32	15
-202	32	16
-204	32	17
-202	32	18
-200	32	19
-203	32	20
-195	32	21
-191	32	22
-202	32	23
-203	32	24
-205	32	25
-206	32	26
-210	32	27
-211	32	28
-209	32	29
-213	32	30
-212	32	31
-208	32	32
-208	32	33
-205	32	34
-204	32	35
-207	32	36
-208	32	37
-206	32	38
-203	32	39
-203	32	40
-207	32	41
-212	32	42
-215	32	43
-212	32	44
-214	32	45
-215	32	46
-215	32	47
-212	32	48
-209	32	49
-205	32	50
-208	32	51
-208	32	52
-209	32	53
-210	32	54
-212	32	55
-215	32	56
-209	32	57
-209	32	58
-209	32	59
-207	32	60
-210	32	61
-209	32	62
-205	32	63
-206	32	64
-208	32	65
-216	32	66
-214	32	67
-216	32	68
-216	32	69
-214	32	70
-197	33	0
-196	33	1
-193	33	2
-197	33	3
-196	33	4
-193	33	5
-187	33	6
-189	33	7
-186	33	8
-194	33	9
-193	33	10
-197	33	11
-198	33	12
-202	33	13
-200	33	14
-202	33	15
-202	33	16
-198	33	17
-198	33	18
-196	33	19
-194	33	20
-194	33	21
-196	33	22
-210	33	23
-210	33	24
-210	33	25
-210	33	26
-214	33	27
-215	33	28
-213	33	29
-210	33	30
-206	33	31
-211	33	32
-210	33	33
-211	33	34
-208	33	35
-203	33	36
-199	33	37
-198	33	38
-190	33	39
-193	33	40
-197	33	41
-200	33	42
-200	33	43
-199	33	44
-202	33	45
-207	33	46
-208	33	47
-206	33	48
-204	33	49
-203	33	50
-202	33	51
-203	33	52
-205	33	53
-206	33	54
-199	33	55
-188	33	56
-182	33	57
-191	33	58
-200	33	59
-204	33	60
-207	33	61
-208	33	62
-213	33	63
-215	33	64
-213	33	65
-214	33	66
-215	33	67
-218	33	68
-218	33	69
-218	33	70
-182	34	0
-182	34	1
-184	34	2
-182	34	3
-180	34	4
-178	34	5
-176	34	6
-174	34	7
-172	34	8
-176	34	9
-174	34	10
-174	34	11
-174	34	12
-178	34	13
-178	34	14
-182	34	15
-182	34	16
-180	34	17
-178	34	18
-180	34	19
-178	34	20
-175	34	21
-177	34	22
-209	34	23
-205	34	24
-202	34	25
-203	34	26
-199	34	27
-196	34	28
-195	34	29
-197	34	30
-202	34	31
-209	34	32
-209	34	33
-215	34	34
-210	34	35
-210	34	36
-204	34	37
-204	34	38
-199	34	39
-197	34	40
-197	34	41
-197	34	42
-191	34	43
-184	34	44
-184	34	45
-174	34	46
-171	34	47
-176	34	48
-187	34	49
-195	34	50
-191	34	51
-183	34	52
-183	34	53
-186	34	54
-186	34	55
-185	34	56
-186	34	57
-187	34	58
-190	34	59
-193	34	60
-195	34	61
-194	34	62
-194	34	63
-192	34	64
-195	34	65
-192	34	66
-192	34	67
-194	34	68
-188	34	69
-188	34	70
-168	35	0
-168	35	1
-168	35	2
-168	35	3
-166	35	4
-164	35	5
-164	35	6
-164	35	7
-162	35	8
-164	35	9
-164	35	10
-164	35	11
-162	35	12
-166	35	13
-167	35	14
-166	35	15
-170	35	16
-167	35	17
-163	35	18
-160	35	19
-160	35	20
-159	35	21
-159	35	22
-221	35	23
-213	35	24
-217	35	25
-215	35	26
-215	35	27
-212	35	28
-207	35	29
-209	35	30
-207	35	31
-208	35	32
-207	35	33
-205	35	34
-204	35	35
-206	35	36
-204	35	37
-205	35	38
-198	35	39
-196	35	40
-195	35	41
-202	35	42
-205	35	43
-186	35	44
-184	35	45
-182	35	46
-184	35	47
-186	35	48
-184	35	49
-186	35	50
-182	35	51
-180	35	52
-182	35	53
-178	35	54
-176	35	55
-174	35	56
-174	35	57
-170	35	58
-172	35	59
-172	35	60
-172	35	61
-170	35	62
-172	35	63
-172	35	64
-170	35	65
-166	35	66
-168	35	67
-170	35	68
-166	35	69
-168	35	70

Best result and coordinate for part and news-2
S	N	M
------------------
-5	16	0


The program was executed successfully

real	0m18.772s
user	0m18.756s
sys	0m0.012s
